# Use this header for notes and global details
#  Name of benchmark/experiment: Benchmark 2/tuned                                                                                   
#                   Case number:          1
#        Instellation (S_earth):       1.0000
#                    XCO2 (ppm):     280.0000
#           Obliquity (degrees):      23.5000
# Additional Information
#          Orbital eccentricity:       0.0000
# Longitude of perihelion passag       0.0000
# Cloud modification by cloud (W      -1.1719
#                   Land albedo:       0.1000
#               Ice/snow albedo:       0.6560
#                Cloud coverage:       0.4282
# Ocean albedo varies with cosZA
# Cloud albedo varies with cosZA

# Columns of data (annually averaged for last orbit)
# Lat = latitude (degrees)
# Tsurf = annually averaged surface temperature (K)
# Asurf = annually averaged surface albedo
# ATOA = annually averaged top-of-atmosphere/total/planetary albedo
# OLR = annually averaged outgoing longwave radiation (W m^-2)
# Foc = Ocean fraction

#          Lat       Tsurf       Asurf        ATOA         OLR         Foc
        -90.00      260.06      0.7435      0.7857      192.49      0.7500
        -89.00      260.07      0.7434      0.7856      192.51      0.7500
        -88.00      260.11      0.7433      0.7853      192.58      0.7500
        -87.00      260.17      0.7431      0.7849      192.70      0.7500
        -86.00      260.25      0.7428      0.7842      192.86      0.7500
        -85.00      260.36      0.7425      0.7834      193.06      0.7500
        -84.00      260.49      0.7420      0.7824      193.31      0.7500
        -83.00      260.65      0.7415      0.7812      193.61      0.7500
        -82.00      260.83      0.7408      0.7798      193.95      0.7500
        -81.00      261.03      0.7401      0.7782      194.34      0.7500
        -80.00      261.26      0.7393      0.7765      194.77      0.7500
        -79.00      261.51      0.7385      0.7745      195.25      0.7500
        -78.00      261.79      0.7375      0.7722      195.77      0.7500
        -77.00      262.09      0.7364      0.7698      196.33      0.7500
        -76.00      262.42      0.7352      0.7671      196.94      0.7500
        -75.00      262.76      0.7339      0.7642      197.60      0.7500
        -74.00      263.14      0.7325      0.7609      198.30      0.7500
        -73.00      263.53      0.7309      0.7574      199.04      0.7500
        -72.00      263.95      0.7292      0.7536      199.82      0.7500
        -71.00      264.40      0.7274      0.7494      200.64      0.7500
        -70.00      264.87      0.7237      0.7440      201.51      0.7500
        -69.00      265.36      0.7060      0.7304      202.42      0.7500
        -68.00      265.87      0.6834      0.7136      203.36      0.7500
        -67.00      266.41      0.6569      0.6937      204.35      0.7500
        -66.00      266.97      0.6271      0.6704      205.36      0.7500
        -65.00      267.54      0.5975      0.6471      206.41      0.7500
        -64.00      268.14      0.5697      0.6247      207.49      0.7500
        -63.00      268.75      0.5449      0.6038      208.59      0.7500
        -62.00      269.38      0.5238      0.5849      209.72      0.7500
        -61.00      270.03      0.5069      0.5683      210.86      0.7500
        -60.00      270.69      0.4938      0.5539      212.02      0.7500
        -59.00      271.36      0.4839      0.5414      213.20      0.7500
        -58.00      272.04      0.4763      0.5301      214.38      0.7500
        -57.00      272.73      0.4699      0.5195      215.58      0.7500
        -56.00      273.44      0.3845      0.4603      216.79      0.7500
        -55.00      274.15      0.3788      0.4500      218.00      0.7500
        -54.00      274.87      0.3733      0.4398      219.21      0.7500
        -53.00      275.59      0.3680      0.4298      220.41      0.7500
        -52.00      276.31      0.3630      0.4199      221.61      0.7500
        -51.00      277.04      0.3582      0.4101      222.81      0.7500
        -50.00      277.77      0.3535      0.4005      223.99      0.7500
        -49.00      278.50      0.3490      0.3910      225.17      0.7500
        -48.00      279.24      0.3446      0.3817      226.33      0.7500
        -47.00      279.97      0.3404      0.3725      227.49      0.7500
        -46.00      280.70      0.3364      0.3634      228.62      0.7500
        -45.00      281.43      0.3325      0.3545      229.74      0.7500
        -44.00      282.15      0.3287      0.3457      230.85      0.7500
        -43.00      282.88      0.3250      0.3370      231.93      0.7500
        -42.00      283.59      0.3215      0.3286      233.00      0.7500
        -41.00      284.30      0.3181      0.3202      234.04      0.7500
        -40.00      285.01      0.3147      0.3120      235.06      0.7500
        -39.00      285.71      0.3115      0.3040      236.06      0.7500
        -38.00      286.40      0.3084      0.2961      237.03      0.7500
        -37.00      287.08      0.3054      0.2883      237.98      0.7500
        -36.00      287.75      0.3025      0.2808      238.90      0.7500
        -35.00      288.41      0.2997      0.2734      239.79      0.7500
        -34.00      289.06      0.2969      0.2673      240.65      0.7500
        -33.00      289.69      0.2943      0.2643      241.49      0.7500
        -32.00      290.31      0.2917      0.2614      242.30      0.7500
        -31.00      290.92      0.2893      0.2586      243.08      0.7500
        -30.00      291.51      0.2869      0.2559      243.83      0.7500
        -29.00      292.09      0.2846      0.2532      244.55      0.7500
        -28.00      292.66      0.2824      0.2506      245.24      0.7500
        -27.00      293.21      0.2802      0.2481      245.91      0.7500
        -26.00      293.74      0.2782      0.2457      246.55      0.7500
        -25.00      294.26      0.2762      0.2434      247.16      0.7500
        -24.00      294.77      0.2743      0.2412      247.75      0.7500
        -23.00      295.25      0.2724      0.2390      248.30      0.7500
        -22.00      295.72      0.2707      0.2370      248.83      0.7500
        -21.00      296.17      0.2690      0.2350      249.34      0.7500
        -20.00      296.60      0.2674      0.2331      249.82      0.7500
        -19.00      297.02      0.2659      0.2313      250.27      0.7500
        -18.00      297.42      0.2645      0.2296      250.70      0.7500
        -17.00      297.79      0.2631      0.2280      251.10      0.7500
        -16.00      298.15      0.2618      0.2265      251.48      0.7500
        -15.00      298.49      0.2606      0.2251      251.84      0.7500
        -14.00      298.81      0.2595      0.2237      252.17      0.7500
        -13.00      299.12      0.2584      0.2225      252.48      0.7500
        -12.00      299.40      0.2574      0.2213      252.76      0.7500
        -11.00      299.66      0.2565      0.2203      253.03      0.7500
        -10.00      299.90      0.2557      0.2193      253.27      0.7500
         -9.00      300.12      0.2549      0.2184      253.48      0.7500
         -8.00      300.32      0.2542      0.2176      253.68      0.7500
         -7.00      300.50      0.2536      0.2169      253.85      0.7500
         -6.00      300.65      0.2531      0.2163      254.01      0.7500
         -5.00      300.79      0.2527      0.2157      254.14      0.7500
         -4.00      300.91      0.2523      0.2153      254.25      0.7500
         -3.00      301.00      0.2520      0.2149      254.34      0.7500
         -2.00      301.08      0.2518      0.2147      254.41      0.7500
         -1.00      301.13      0.2516      0.2145      254.46      0.7500
          0.00      301.16      0.2516      0.2144      254.49      0.7500
          1.00      301.17      0.2516      0.2144      254.50      0.7500
          2.00      301.16      0.2517      0.2145      254.49      0.7500
          3.00      301.12      0.2519      0.2146      254.46      0.7500
          4.00      301.07      0.2521      0.2149      254.41      0.7500
          5.00      300.99      0.2524      0.2152      254.33      0.7500
          6.00      300.90      0.2528      0.2157      254.24      0.7500
          7.00      300.78      0.2533      0.2162      254.13      0.7500
          8.00      300.64      0.2539      0.2168      253.99      0.7500
          9.00      300.48      0.2545      0.2175      253.84      0.7500
         10.00      300.30      0.2552      0.2183      253.66      0.7500
         11.00      300.10      0.2560      0.2192      253.46      0.7500
         12.00      299.88      0.2569      0.2202      253.24      0.7500
         13.00      299.64      0.2578      0.2212      253.00      0.7500
         14.00      299.37      0.2588      0.2224      252.74      0.7500
         15.00      299.09      0.2599      0.2236      252.45      0.7500
         16.00      298.79      0.2611      0.2250      252.15      0.7500
         17.00      298.47      0.2624      0.2264      251.81      0.7500
         18.00      298.13      0.2637      0.2279      251.46      0.7500
         19.00      297.77      0.2651      0.2295      251.08      0.7500
         20.00      297.40      0.2666      0.2312      250.68      0.7500
         21.00      297.00      0.2681      0.2330      250.25      0.7500
         22.00      296.59      0.2697      0.2348      249.80      0.7500
         23.00      296.16      0.2714      0.2368      249.32      0.7500
         24.00      295.71      0.2732      0.2388      248.82      0.7500
         25.00      295.24      0.2751      0.2410      248.29      0.7500
         26.00      294.76      0.2770      0.2432      247.74      0.7500
         27.00      294.26      0.2790      0.2455      247.16      0.7500
         28.00      293.75      0.2811      0.2479      246.55      0.7500
         29.00      293.22      0.2833      0.2504      245.92      0.7500
         30.00      292.67      0.2856      0.2530      245.26      0.7500
         31.00      292.12      0.2879      0.2556      244.58      0.7500
         32.00      291.54      0.2903      0.2584      243.86      0.7500
         33.00      290.95      0.2928      0.2612      243.12      0.7500
         34.00      290.35      0.2954      0.2641      242.35      0.7500
         35.00      289.74      0.2981      0.2677      241.56      0.7500
         36.00      289.12      0.3009      0.2750      240.74      0.7500
         37.00      288.48      0.3038      0.2825      239.89      0.7500
         38.00      287.83      0.3067      0.2901      239.01      0.7500
         39.00      287.17      0.3098      0.2979      238.11      0.7500
         40.00      286.51      0.3129      0.3058      237.18      0.7500
         41.00      285.83      0.3162      0.3139      236.24      0.7500
         42.00      285.15      0.3196      0.3221      235.27      0.7500
         43.00      284.47      0.3230      0.3305      234.27      0.7500
         44.00      283.77      0.3266      0.3391      233.26      0.7500
         45.00      283.08      0.3304      0.3477      232.23      0.7500
         46.00      282.38      0.3342      0.3566      231.19      0.7500
         47.00      281.67      0.3382      0.3655      230.12      0.7500
         48.00      280.97      0.3423      0.3746      229.04      0.7500
         49.00      280.27      0.3466      0.3839      227.95      0.7500
         50.00      279.56      0.3510      0.3933      226.85      0.7500
         51.00      278.86      0.3556      0.4028      225.74      0.7500
         52.00      278.16      0.3603      0.4124      224.62      0.7500
         53.00      277.46      0.3653      0.4222      223.49      0.7500
         54.00      276.77      0.3704      0.4322      222.36      0.7500
         55.00      276.08      0.3758      0.4423      221.23      0.7500
         56.00      275.40      0.3814      0.4525      220.09      0.7500
         57.00      274.72      0.3872      0.4629      218.96      0.7500
         58.00      274.05      0.3933      0.4734      217.83      0.7500
         59.00      273.39      0.3997      0.4841      216.70      0.7500
         60.00      272.73      0.4858      0.5428      215.58      0.7500
         61.00      272.09      0.4930      0.5538      214.47      0.7500
         62.00      271.46      0.5013      0.5653      213.38      0.7500
         63.00      270.85      0.5114      0.5779      212.31      0.7500
         64.00      270.25      0.5239      0.5919      211.26      0.7500
         65.00      269.67      0.5394      0.6075      210.22      0.7500
         66.00      269.10      0.5581      0.6251      209.22      0.7500
         67.00      268.56      0.5803      0.6448      208.24      0.7500
         68.00      268.03      0.6023      0.6627      207.28      0.7500
         69.00      267.52      0.6244      0.6798      206.37      0.7500
         70.00      267.03      0.6464      0.6961      205.48      0.7500
         71.00      266.56      0.6673      0.7113      204.63      0.7500
         72.00      266.12      0.6867      0.7251      203.81      0.7500
         73.00      265.69      0.7038      0.7373      203.04      0.7500
         74.00      265.30      0.7183      0.7478      202.31      0.7500
         75.00      264.92      0.7298      0.7564      201.61      0.7500
         76.00      264.57      0.7339      0.7608      200.96      0.7500
         77.00      264.24      0.7351      0.7636      200.36      0.7500
         78.00      263.94      0.7361      0.7660      199.79      0.7500
         79.00      263.66      0.7371      0.7683      199.28      0.7500
         80.00      263.41      0.7380      0.7703      198.80      0.7500
         81.00      263.18      0.7388      0.7721      198.37      0.7500
         82.00      262.97      0.7394      0.7736      197.99      0.7500
         83.00      262.79      0.7401      0.7750      197.65      0.7500
         84.00      262.63      0.7406      0.7762      197.35      0.7500
         85.00      262.50      0.7410      0.7772      197.10      0.7500
         86.00      262.39      0.7414      0.7780      196.90      0.7500
         87.00      262.30      0.7417      0.7787      196.74      0.7500
         88.00      262.24      0.7419      0.7791      196.62      0.7500
         89.00      262.21      0.7420      0.7794      196.55      0.7500
         90.00      262.20      0.7420      0.7795      196.53      0.7500
