 #Name of benchmark/experiment: Experiment 2 (cold start)
 # Describe how ice line latitude is determined: The surface ice coverage corresponds to latitude bands in which the annually-averaged surface temperature is < 263.15 K.
 # Columns of data
 # Case = case number (0 -> total number of cases in experiment)
 # SEFF = effective stellar flux divided by value at Earth (1361 W/m^2)
 # Obl = obliquity (degrees)
 # XCO2 = CO2 mixing ratio (volume in ppm)
 # Tglob = global, annual mean surface temperature (K)
 #IceLineNMax = latitude of northern edge of ice in northern hemisphere (deg)
 #IceLineNMin = latitude of northern edge of ice in northern hemisphere (deg)
 #IceLineSMax = latitude of northern edge of ice in northern hemisphere (deg)
 #IceLineSMin = latitude of northern edge of ice in northern hemisphere (deg)
 # Diff = thermal diffusion coefficient (W/m^2/K)
 # OLRglob = global, annual mean outgoing longwave radiation (W/m^2)

 # Case SEFF Obl XCO2 Tglob IceLineNMax IceLineNmin IceLineSMax IceLineSMin Diff OLRGlob
0  9.00000E-01   0.0 280.  226.504  90.0   0.0   0.0 -90.0  0.50  127.471
1  9.25000E-01   0.0 280.  233.705  90.0   0.0   0.0 -90.0  0.50  137.102
2  9.50000E-01   0.0 280.  238.251  90.0   0.0   0.0 -90.0  0.50  145.750
3  9.75000E-01   0.0 280.  276.001  90.0  52.1 -52.1 -90.0  0.50  219.831
4  1.00000E+00   0.0 280.  279.141  90.0  55.8 -55.8 -90.0  0.50  225.266
5  1.02500E+00   0.0 280.  281.800  90.0  58.9 -58.9 -90.0  0.50  229.620
6  1.05000E+00   0.0 280.  284.878  90.0  62.9 -62.9 -90.0  0.50  234.605
7  1.07500E+00   0.0 280.  287.063  90.0  64.9 -64.9 -90.0  0.50  237.731
8  1.10000E+00   0.0 280.  291.125  90.0  69.6 -69.6 -90.0  0.50  243.188
9  1.12500E+00   0.0 280.  296.701  90.0  73.6 -73.6 -90.0  0.50  249.126
10 1.15100E+00   0.0 280.  363.253  90.0  90.0 -90.0 -90.0  0.50  282.138
11 1.17500E+00   0.0 280.  366.638  90.0  90.0 -90.0 -90.0  0.50  283.066
12 1.20000E+00   0.0 280.  369.286  90.0  90.0 -90.0 -90.0  0.50  283.737
13 1.22500E+00   0.0 280.  371.763  90.0  90.0 -90.0 -90.0  0.50  284.298
14 1.25000E+00   0.0 280.  373.761  90.0  90.0 -90.0 -90.0  0.50  284.688
15 1.27500E+00   0.0 280.  375.613  90.0  90.0 -90.0 -90.0  0.50  285.015
16 1.30000E+00   0.0 280.  377.111  90.0  90.0 -90.0 -90.0  0.50  285.265
17 1.32500E+00   0.0 280.  378.497  90.0  90.0 -90.0 -90.0  0.50  285.481
18 1.35000E+00   0.0 280.  379.625  90.0  90.0 -90.0 -90.0  0.50  285.625
19 1.37500E+00   0.0 280.  380.579  90.0  90.0 -90.0 -90.0  0.50  285.750
20 1.40200E+00   0.0 280.  381.497  90.0  90.0 -90.0 -90.0  0.50  285.870
21 1.42500E+00   0.0 280.  382.237  90.0  90.0 -90.0 -90.0  0.50  285.954
22 1.45000E+00   0.0 280.  382.800  90.0  90.0 -90.0 -90.0  0.50  286.021
23 1.47500E+00   0.0 280.  383.390  90.0  90.0 -90.0 -90.0  0.50  286.109
24 1.50000E+00   0.0 280.  383.954  90.0  90.0 -90.0 -90.0  0.50  286.183

25 9.00000E-01  10.0 280.  266.273  90.0  39.7 -39.7 -90.0  0.50  201.250
26 9.25000E-01  10.0 280.  269.973  90.0  44.7 -44.7 -90.0  0.50  208.440
27 9.50000E-01  10.0 280.  273.298  90.0  49.1 -49.1 -90.0  0.50  214.815
28 9.75000E-01  10.0 280.  276.477  90.0  53.2 -53.2 -90.0  0.50  220.780
29 1.00000E+00  10.0 280.  279.128  90.0  56.7 -56.7 -90.0  0.50  225.426
30 1.02500E+00  10.0 280.  281.857  90.0  60.1 -60.1 -90.0  0.50  229.955
31 1.05000E+00  10.0 280.  284.514  90.0  63.5 -63.5 -90.0  0.50  234.200
32 1.07500E+00  10.0 280.  286.917  90.0  66.4 -66.4 -90.0  0.50  237.802
33 1.10000E+00  10.0 280.  290.025  90.0  70.3 -70.3 -90.0  0.50  242.130
34 1.12500E+00  10.0 280.  295.596  90.0  75.8 -75.8 -90.0  0.50  248.386
35 1.15100E+00  10.0 280.  364.560  90.0  90.0 -90.0 -90.0  0.50  282.624
36 1.17500E+00  10.0 280.  367.915  90.0  90.0 -90.0 -90.0  0.50  283.495
37 1.20000E+00  10.0 280.  370.791  90.0  90.0 -90.0 -90.0  0.50  284.139
38 1.22500E+00  10.0 280.  373.016  90.0  90.0 -90.0 -90.0  0.50  284.608
39 1.25000E+00  10.0 280.  375.014  90.0  90.0 -90.0 -90.0  0.50  284.952
40 1.27500E+00  10.0 280.  376.749  90.0  90.0 -90.0 -90.0  0.50  285.245
41 1.30000E+00  10.0 280.  378.298  90.0  90.0 -90.0 -90.0  0.50  285.448
42 1.32500E+00  10.0 280.  379.561  90.0  90.0 -90.0 -90.0  0.50  285.624
43 1.35000E+00  10.0 280.  380.646  90.0  90.0 -90.0 -90.0  0.50  285.755
44 1.37500E+00  10.0 280.  381.611  90.0  90.0 -90.0 -90.0  0.50  285.878
45 1.40200E+00  10.0 280.  382.431  90.0  90.0 -90.0 -90.0  0.50  285.995
46 1.42500E+00  10.0 280.  383.081  90.0  90.0 -90.0 -90.0  0.50  286.067
47 1.45000E+00  10.0 280.  383.725  90.0  90.0 -90.0 -90.0  0.50  286.145
48 1.47500E+00  10.0 280.  384.230  90.0  90.0 -90.0 -90.0  0.50  286.208
49 1.50000E+00  10.0 280.  384.680  90.0  90.0 -90.0 -90.0  0.50  286.267

50 9.00000E-01  20.0 280.  266.151  90.0  39.7 -39.7 -90.0  0.50  201.028
51 9.25000E-01  20.0 280.  270.034  90.0  45.6 -45.6 -90.0  0.50  208.679
52 9.50000E-01  20.0 280.  273.428  90.0  50.8 -50.8 -90.0  0.50  215.225
53 9.75000E-01  20.0 280.  276.481  90.0  55.3 -55.2 -90.0  0.50  221.011
54 1.00000E+00  20.0 280.  279.200  90.0  59.8 -59.8 -90.0  0.50  226.037
55 1.02500E+00  20.0 280.  281.996  90.0  64.6 -64.6 -90.0  0.50  230.789
56 1.05000E+00  20.0 280.  284.651  90.0  69.7 -69.7 -90.0  0.50  235.102
57 1.07500E+00  20.0 280.  287.028  90.0  74.9 -74.9 -90.0  0.50  238.764
58 1.10000E+00  20.0 280.  289.534  90.0  84.4 -84.4 -90.0  0.50  242.419
59 1.12500E+00  20.0 280.  292.770  90.0  90.0 -90.0 -90.0  0.50  246.579
60 1.15100E+00  20.0 280.  300.109  90.0  90.0 -90.0 -90.0  0.50  254.128
61 1.17500E+00  20.0 280.  372.182  90.0  90.0 -90.0 -90.0  0.50  284.571
62 1.20000E+00  20.0 280.  374.892  90.0  90.0 -90.0 -90.0  0.50  285.010
63 1.22500E+00  20.0 280.  377.059  90.0  90.0 -90.0 -90.0  0.50  285.312
64 1.25000E+00  20.0 280.  378.814  90.0  90.0 -90.0 -90.0  0.50  285.549
65 1.27500E+00  20.0 280.  380.323  90.0  90.0 -90.0 -90.0  0.50  285.742
66 1.30000E+00  20.0 280.  381.623  90.0  90.0 -90.0 -90.0  0.50  285.905
67 1.32500E+00  20.0 280.  382.660  90.0  90.0 -90.0 -90.0  0.50  286.045
68 1.35000E+00  20.0 280.  383.525  90.0  90.0 -90.0 -90.0  0.50  286.141
69 1.37500E+00  20.0 280.  384.273  90.0  90.0 -90.0 -90.0  0.50  286.244
70 1.40200E+00  20.0 280.  384.923  90.0  90.0 -90.0 -90.0  0.50  286.315
71 1.42500E+00  20.0 280.  385.435  90.0  90.0 -90.0 -90.0  0.50  286.377
72 1.45000E+00  20.0 280.  385.905  90.0  90.0 -90.0 -90.0  0.50  286.436
73 1.47500E+00  20.0 280.  386.316  90.0  90.0 -90.0 -90.0  0.50  286.486
74 1.50000E+00  20.0 280.  386.679  90.0  90.0 -90.0 -90.0  0.50  286.520

75 9.00000E-01  30.0 280.  266.631  90.0  41.0 -41.0 -90.0  0.50  201.927
76 9.25000E-01  30.0 280.  270.681  90.0  48.8 -48.8 -90.0  0.50  210.118
77 9.50000E-01  30.0 280.  274.304  90.0  56.5 -56.5 -90.0  0.50  217.203
78 9.75000E-01  30.0 280.  277.396  90.0  64.8 -64.8 -90.0  0.50  223.142
79 1.00000E+00  30.0 280.  280.172  90.0  75.8 -75.8 -90.0  0.50  228.381
80 1.02500E+00  30.0 280.  282.580  90.0  90.0 -90.0 -90.0  0.50  232.755
81 1.05000E+00  30.0 280.  284.854  90.0  90.0 -90.0 -90.0  0.50  236.448
82 1.07500E+00  30.0 280.  287.027  90.0  90.0 -90.0 -90.0  0.50  239.809
83 1.10000E+00  30.0 280.  289.181  90.0  90.0 -90.0 -90.0  0.50  242.975
84 1.12500E+00  30.0 280.  291.347  90.0  90.0 -90.0 -90.0  0.50  246.034
85 1.15100E+00  30.0 280.  293.984  90.0  90.0 -90.0 -90.0  0.50  249.402
86 1.17500E+00  30.0 280.  299.881  90.0  90.0 -90.0 -90.0  0.50  255.464
87 1.20000E+00  30.0 280.  381.239  90.0  90.0 -90.0 -90.0  0.50  285.884
88 1.22500E+00  30.0 280.  382.741  90.0  90.0 -90.0 -90.0  0.50  286.072
89 1.25000E+00  30.0 280.  384.000  90.0  90.0 -90.0 -90.0  0.50  286.239
90 1.27500E+00  30.0 280.  385.026  90.0  90.0 -90.0 -90.0  0.50  286.362
91 1.30000E+00  30.0 280.  385.808  90.0  90.0 -90.0 -90.0  0.50  286.440
92 1.32500E+00  30.0 280.  386.434  90.0  90.0 -90.0 -90.0  0.50  286.505
93 1.35000E+00  30.0 280.  386.931  90.0  90.0 -90.0 -90.0  0.50  286.563
94 1.37500E+00  30.0 280.  387.345  90.0  90.0 -90.0 -90.0  0.50  286.612
95 1.40200E+00  30.0 280.  387.708  90.0  90.0 -90.0 -90.0  0.50  286.636
96 1.42500E+00  30.0 280.  387.960  90.0  90.0 -90.0 -90.0  0.50  286.672
97 1.45000E+00  30.0 280.  388.182  90.0  90.0 -90.0 -90.0  0.50  286.690
98 1.47500E+00  30.0 280.  388.373  90.0  90.0 -90.0 -90.0  0.50  286.706
99 1.50000E+00  30.0 280.  388.523  90.0  90.0 -90.0 -90.0  0.50  286.726

100 9.00000E-01  40.0 280.  268.552 90.0   47.7 -47.7 -90.0  0.50  205.756
101 9.25000E-01  40.0 280.  273.179  90.0  69.6 -69.5 -90.0  0.50  215.243
102 9.50000E-01  40.0 280.  276.262  90.0  90.0 -90.0 -90.0  0.50  221.482
103 9.75000E-01  40.0 280.  278.563  90.0  90.0 -90.0 -90.0  0.50  225.864
104 1.00000E+00  40.0 280.  280.612  90.0  90.0 -90.0 -90.0  0.50  229.691
105 1.02500E+00  40.0 280.  282.608  90.0  90.0 -90.0 -90.0  0.50  233.335
106 1.05000E+00  40.0 280.  284.498  90.0  90.0 -90.0 -90.0  0.50  236.720
107 1.07500E+00  40.0 280.  286.480  90.0  90.0 -90.0 -90.0  0.50  239.913
108 1.10000E+00  40.0 280.  288.557  90.0  90.0 -90.0 -90.0  0.50  243.017
109 1.12500E+00  40.0 280.  290.741  90.0  90.0 -90.0 -90.0  0.50  246.143
110 1.15100E+00  40.0 280.  293.042  90.0  90.0 -90.0 -90.0  0.50  249.312
111 1.17500E+00  40.0 280.  295.197  90.0  90.0 -90.0 -90.0  0.50  252.073
112 1.20000E+00  40.0 280.  298.598  90.0  90.0 -90.0 -90.0  0.50  255.858
113 1.22500E+00  40.0 280.  387.300  90.0  90.0 -90.0 -90.0  0.50  286.613
114 1.25000E+00  40.0 280.  387.700  90.0  90.0 -90.0 -90.0  0.50  286.645
115 1.27500E+00  40.0 280.  387.846  90.0  90.0 -90.0 -90.0  0.50  286.665
116 1.30000E+00  40.0 280.  387.938  90.0  90.0 -90.0 -90.0  0.50  286.672
117 1.32500E+00  40.0 280.  388.025  90.0  90.0 -90.0 -90.0  0.50  286.679
118 1.35000E+00  40.0 280.  388.097  90.0  90.0 -90.0 -90.0  0.50  286.683
119 1.37500E+00  40.0 280.  388.174  90.0  90.0 -90.0 -90.0  0.50  286.689
120 1.40200E+00  40.0 280.  388.243  90.0  90.0 -90.0 -90.0  0.50  286.699
121 1.42500E+00  40.0 280.  388.298  90.0  90.0 -90.0 -90.0  0.50  286.706
122 1.45000E+00  40.0 280.  388.358  90.0  90.0 -90.0 -90.0  0.50  286.711
123 1.47500E+00  40.0 280.  388.412  90.0  90.0 -90.0 -90.0  0.50  286.714
124 1.50000E+00  40.0 280.  388.463  90.0  90.0 -90.0 -90.0  0.50  286.718

125 9.00000E-01  50.0 280.  272.545  90.0   0.0   0.0 -90.0  0.50  213.958
126 9.25000E-01  50.0 280.  274.768  90.0  90.0 -90.0 -90.0  0.50  218.541
127 9.50000E-01  50.0 280.  276.868  90.0  90.0 -90.0 -90.0  0.50  222.837
128 9.75000E-01  50.0 280.  278.661  90.0  90.0 -90.0 -90.0  0.50  226.389
129 1.00000E+00  50.0 280.  280.477  90.0  90.0 -90.0 -90.0  0.50  229.747
130 1.02500E+00  50.0 280.  282.425  90.0  90.0 -90.0 -90.0  0.50  233.257
131 1.05000E+00  50.0 280.  284.433  90.0  90.0 -90.0 -90.0  0.50  236.808
132 1.07500E+00  50.0 280.  286.427  90.0  90.0 -90.0 -90.0  0.50  240.284
133 1.10000E+00  50.0 280.  288.432  90.0  90.0 -90.0 -90.0  0.50  243.567
134 1.12500E+00  50.0 280.  290.657  90.0  90.0 -90.0 -90.0  0.50  246.723
135 1.15100E+00  50.0 280.  292.932  90.0  90.0 -90.0 -90.0  0.50  249.735
136 1.17500E+00  50.0 280.  295.169  90.0  90.0 -90.0 -90.0  0.50  252.555
137 1.20000E+00  50.0 280.  297.483  90.0  90.0 -90.0 -90.0  0.50  255.366
138 1.22500E+00  50.0 280.  299.935  90.0  90.0 -90.0 -90.0  0.50  258.056
139 1.25000E+00  50.0 280.  387.462  90.0  90.0 -90.0 -90.0  0.50  286.627
140 1.27500E+00  50.0 280.  387.565  90.0  90.0 -90.0 -90.0  0.50  286.636
141 1.30000E+00  50.0 280.  387.661  90.0  90.0 -90.0 -90.0  0.50  286.646
142 1.32500E+00  50.0 280.  387.743  90.0  90.0 -90.0 -90.0  0.50  286.653
143 1.35000E+00  50.0 280.  387.827  90.0  90.0 -90.0 -90.0  0.50  286.658
144 1.37500E+00  50.0 280.  387.898  90.0  90.0 -90.0 -90.0  0.50  286.663
145 1.40200E+00  50.0 280.  387.978  90.0  90.0 -90.0 -90.0  0.50  286.671
146 1.42500E+00  50.0 280.  388.036  90.0  90.0 -90.0 -90.0  0.50  286.679
147 1.45000E+00  50.0 280.  388.100  90.0  90.0 -90.0 -90.0  0.50  286.685
148 1.47500E+00  50.0 280.  388.157  90.0  90.0 -90.0 -90.0  0.50  286.691
149 1.50000E+00  50.0 280.  388.213  90.0  90.0 -90.0 -90.0  0.50  286.699

150 9.00000E-01  60.0 280.  274.198  90.0  90.0 -90.0 -90.0  0.50  217.316
151 9.25000E-01  60.0 280.  275.759  90.0  90.0 -90.0 -90.0  0.50  220.452
152 9.50000E-01  60.0 280.  277.004  90.0  90.0 -90.0 -90.0  0.50  222.943
153 9.75000E-01  60.0 280.  278.740  90.0  90.0 -90.0 -90.0  0.50  226.355
154 1.00000E+00  60.0 280.  280.760  90.0  90.0 -90.0 -90.0  0.50  230.251
155 1.02500E+00  60.0 280.  282.816  90.0  90.0 -90.0 -90.0  0.50  233.986
156 1.05000E+00  60.0 280.  284.954  90.0  90.0 -90.0 -90.0  0.50  237.589
157 1.07500E+00  60.0 280.  287.069  90.0  90.0 -90.0 -90.0  0.50  241.043
158 1.10000E+00  60.0 280.  289.186  90.0  90.0 -90.0 -90.0  0.50  244.395
159 1.12500E+00  60.0 280.  291.378  90.0  90.0 -90.0 -90.0  0.50  247.677
160 1.15100E+00  60.0 280.  293.877  90.0  90.0 -90.0 -90.0  0.50  250.957
161 1.17500E+00  60.0 280.  296.563  90.0  90.0 -90.0 -90.0  0.50  254.019
162 1.20000E+00  60.0 280.  299.651  90.0  90.0 -90.0 -90.0  0.50  257.371
163 1.22500E+00  60.0 280.  304.689  90.0  90.0 -90.0 -90.0  0.50  262.203
164 1.25000E+00  60.0 280.  387.162  90.0  90.0 -90.0 -90.0  0.50  286.597
165 1.27500E+00  60.0 280.  387.276  90.0  90.0 -90.0 -90.0  0.50  286.608
166 1.30000E+00  60.0 280.  387.375  90.0  90.0 -90.0 -90.0  0.50  286.617
167 1.32500E+00  60.0 280.  387.468  90.0  90.0 -90.0 -90.0  0.50  286.626
168 1.35000E+00  60.0 280.  387.559  90.0  90.0 -90.0 -90.0  0.50  286.634
169 1.37500E+00  60.0 280.  387.636  90.0  90.0 -90.0 -90.0  0.50  286.644
170 1.40200E+00  60.0 280.  387.720  90.0  90.0 -90.0 -90.0  0.50  286.651
171 1.42500E+00  60.0 280.  387.785  90.0  90.0 -90.0 -90.0  0.50  286.658
172 1.45000E+00  60.0 280.  387.853  90.0  90.0 -90.0 -90.0  0.50  286.663
173 1.47500E+00  60.0 280.  387.917  90.0  90.0 -90.0 -90.0  0.50  286.668
174 1.50000E+00  60.0 280.  387.976  90.0  90.0 -90.0 -90.0  0.50  286.674

175 9.00000E-01  70.0 280.  274.373  90.0  90.0 -90.0 -90.0  0.50  217.518
176 9.25000E-01  70.0 280.  276.518  90.0  90.0 -90.0 -90.0  0.50  221.775
177 9.50000E-01  70.0 280.  278.001  90.0  90.0 -90.0 -90.0  0.50  224.614
178 9.75000E-01  70.0 280.  279.493  90.0  90.0 -90.0 -90.0  0.50  227.396
179 1.00000E+00  70.0 280.  281.582  90.0  90.0 -90.0 -90.0  0.50  231.231
180 1.02500E+00  70.0 280.  283.769  90.0  90.0 -90.0 -90.0  0.50  235.091
181 1.05000E+00  70.0 280.  286.019  90.0  90.0 -90.0 -90.0  0.50  238.814
182 1.07500E+00  70.0 280.  288.467  90.0  90.0 -90.0 -90.0  0.50  242.525
183 1.10000E+00  70.0 280.  291.010  90.0  90.0 -90.0 -90.0  0.50  246.159
184 1.12500E+00  70.0 280.  293.760  90.0  90.0 -90.0 -90.0  0.50  249.810
185 1.15100E+00  70.0 280.  297.189  90.0  90.0 -90.0 -90.0  0.50  253.887
186 1.17500E+00  70.0 280.  301.865  90.0  90.0 -90.0 -90.0  0.50  258.496
187 1.20000E+00  70.0 280.  313.541  90.0  90.0 -90.0 -90.0  0.50  267.507
188 1.22500E+00  70.0 280.  386.614  90.0  90.0 -90.0 -90.0  0.50  286.546
189 1.25000E+00  70.0 280.  386.809  90.0  90.0 -90.0 -90.0  0.50  286.565
190 1.27500E+00  70.0 280.  386.961  90.0  90.0 -90.0 -90.0  0.50  286.581
191 1.30000E+00  70.0 280.  387.095  90.0  90.0 -90.0 -90.0  0.50  286.593
192 1.32500E+00  70.0 280.  387.210  90.0  90.0 -90.0 -90.0  0.50  286.604
193 1.35000E+00  70.0 280.  387.313  90.0  90.0 -90.0 -90.0  0.50  286.612
194 1.37500E+00  70.0 280.  387.408  90.0  90.0 -90.0 -90.0  0.50  286.619
195 1.40200E+00  70.0 280.  387.496  90.0  90.0 -90.0 -90.0  0.50  286.628
196 1.42500E+00  70.0 280.  387.567  90.0  90.0 -90.0 -90.0  0.50  286.635
197 1.45000E+00  70.0 280.  387.641  90.0  90.0 -90.0 -90.0  0.50  286.642
198 1.47500E+00  70.0 280.  387.708  90.0  90.0 -90.0 -90.0  0.50  286.652
199 1.50000E+00  70.0 280.  387.772  90.0  90.0 -90.0 -90.0  0.50  286.657

200 9.00000E-01  80.0 280.  239.498  90.0   0.0   0.0 -90.0  0.50  149.739
201 9.25000E-01  80.0 280.  244.671  90.0   0.0   0.0 -90.0  0.50  158.368
202 9.50000E-01  80.0 280.  278.890  90.0  90.0 -90.0 -90.0  0.50  225.961
203 9.75000E-01  80.0 280.  280.709  90.0  90.0 -90.0 -90.0  0.50  229.216
204 1.00000E+00  80.0 280.  282.556  90.0  90.0 -90.0 -90.0  0.50  232.375
205 1.02500E+00  80.0 280.  284.995  90.0  90.0 -90.0 -90.0  0.50  236.433
206 1.05000E+00  80.0 280.  287.548  90.0  90.0 -90.0 -90.0  0.50  240.410
207 1.07500E+00  80.0 280.  290.289  90.0  90.0 -90.0 -90.0  0.50  244.325
208 1.10000E+00  80.0 280.  293.396  90.0  90.0 -90.0 -90.0  0.50  248.341
209 1.12500E+00  80.0 280.  297.198  90.0  90.0 -90.0 -90.0  0.50  252.768
210 1.15100E+00  80.0 280.  302.170  90.0  90.0 -90.0 -90.0  0.50  257.866
211 1.17500E+00  80.0 280.  313.642  90.0  90.0 -90.0 -90.0  0.50  266.378
212 1.20000E+00  80.0 280.  384.326  90.0  90.0 -90.0 -90.0  0.50  286.338
213 1.22500E+00  80.0 280.  385.541  90.0  90.0 -90.0 -90.0  0.50  286.448
214 1.25000E+00  80.0 280.  386.196  90.0  90.0 -90.0 -90.0  0.50  286.508
215 1.27500E+00  80.0 280.  386.558  90.0  90.0 -90.0 -90.0  0.50  286.543
216 1.30000E+00  80.0 280.  386.789  90.0  90.0 -90.0 -90.0  0.50  286.562
217 1.32500E+00  80.0 280.  386.957  90.0  90.0 -90.0 -90.0  0.50  286.578
218 1.35000E+00  80.0 280.  387.088  90.0  90.0 -90.0 -90.0  0.50  286.594
219 1.37500E+00  80.0 280.  387.207  90.0  90.0 -90.0 -90.0  0.50  286.605
220 1.40200E+00  80.0 280.  387.316  90.0  90.0 -90.0 -90.0  0.50  286.613
221 1.42500E+00  80.0 280.  387.400  90.0  90.0 -90.0 -90.0  0.50  286.620
222 1.45000E+00  80.0 280.  387.483  90.0  90.0 -90.0 -90.0  0.50  286.626
223 1.47500E+00  80.0 280.  387.558  90.0  90.0 -90.0 -90.0  0.50  286.634
224 1.50000E+00  80.0 280.  387.627  90.0  90.0 -90.0 -90.0  0.50  286.641

225 9.00000E-01  90.0 280.  239.970  90.0   0.0   0.0 -90.0  0.50  150.680
226 9.25000E-01  90.0 280.  245.733  90.0  72.9   0.0 -90.0  0.50  160.395
227 9.50000E-01  90.0 280.  279.339  90.0  90.0 -90.0 -90.0  0.50  226.638
228 9.75000E-01  90.0 280.  281.187  90.0  90.0 -90.0 -90.0  0.50  229.867
229 1.00000E+00  90.0 280.  283.163  90.0  90.0 -90.0 -90.0  0.50  233.156
230 1.02500E+00  90.0 280.  285.582  90.0  90.0 -90.0 -90.0  0.50  237.053
231 1.05000E+00  90.0 280.  288.256  90.0  90.0 -90.0 -90.0  0.50  241.115
232 1.07500E+00  90.0 280.  291.155  90.0  90.0 -90.0 -90.0  0.50  245.132
233 1.10000E+00  90.0 280.  294.632  90.0  90.0 -90.0 -90.0  0.50  249.433
234 1.12500E+00  90.0 280.  298.908  90.0  90.0 -90.0 -90.0  0.50  254.154
235 1.15100E+00  90.0 280.  304.134  90.0  90.0 -90.0 -90.0  0.50  259.282
236 1.17500E+00  90.0 280.  380.822  90.0  90.0 -90.0 -90.0  0.50  285.971
237 1.20000E+00  90.0 280.  383.274  90.0  90.0 -90.0 -90.0  0.50  286.234
238 1.22500E+00  90.0 280.  384.729  90.0  90.0 -90.0 -90.0  0.50  286.374
239 1.25000E+00  90.0 280.  385.707  90.0  90.0 -90.0 -90.0  0.50  286.464
240 1.27500E+00  90.0 280.  386.255  90.0  90.0 -90.0 -90.0  0.50  286.513
241 1.30000E+00  90.0 280.  386.600  90.0  90.0 -90.0 -90.0  0.50  286.547
242 1.32500E+00  90.0 280.  386.824  90.0  90.0 -90.0 -90.0  0.50  286.565
243 1.35000E+00  90.0 280.  386.994  90.0  90.0 -90.0 -90.0  0.50  286.583
244 1.37500E+00  90.0 280.  387.120  90.0  90.0 -90.0 -90.0  0.50  286.597
245 1.40200E+00  90.0 280.  387.243  90.0  90.0 -90.0 -90.0  0.50  286.608
246 1.42500E+00  90.0 280.  387.335  90.0  90.0 -90.0 -90.0  0.50  286.615
247 1.45000E+00  90.0 280.  387.432  90.0  90.0 -90.0 -90.0  0.50  286.622
248 1.47500E+00  90.0 280.  387.498  90.0  90.0 -90.0 -90.0  0.50  286.628
249 1.50000E+00  90.0 280.  387.578  90.0  90.0 -90.0 -90.0  0.50  286.636
