# Use this header for notes and global details
# Name of benchmark/experiment:
# Case number:
# Instellation (S_earth):
# XCO2 (ppm):
# Obliquity (degrees):

# Columns of data (annually averaged for last orbit)
# Lat = latitude (degrees)
# Tsurf = annually averaged surface temperature (K)
# Asurf = annually averaged surface albedo
# ATOA = annually averaged top-of-atmosphere/total/planetary albedo
# OLR = annually averaged outgoing longwave radiation (W m^-2)

# Lat Tsurf Asurf ATOA OLR
-83.402352 275.683823 0.265313 0.339018 219.691444
-78.559857 276.931283 0.263906 0.323684 222.004123
-75.214368 278.168367 0.262031 0.312742 224.278688
-72.485798 279.399674 0.260156 0.303595 226.522495
-70.118394 280.622179 0.259219 0.296648 228.729572
-67.995177 281.834831 0.257344 0.290614 230.901576
-66.051021 283.038694 0.255469 0.285596 233.040092
-64.245254 284.235454 0.253594 0.279305 235.147699
-62.550469 285.417198 0.252188 0.273680 237.211367
-60.947155 286.583988 0.250313 0.268062 239.230667
-59.420843 287.734819 0.247500 0.262067 241.203695
-57.960452 288.868797 0.244688 0.256327 243.129007
-56.557269 289.985154 0.239531 0.249199 245.005520
-55.204301 291.083957 0.239063 0.245399 246.833400
-53.895832 292.163028 0.238125 0.241457 248.610008
-52.627117 293.222703 0.237188 0.237717 250.336171
-51.394167 294.264059 0.236250 0.234097 252.013685
-50.193591 295.286409 0.235313 0.230641 253.642099
-49.022477 296.287985 0.233438 0.226678 255.219820
-47.878298 297.271980 0.232500 0.223469 256.751188
-46.758852 298.235259 0.230156 0.219385 258.233144
-45.662198 299.177500 0.225000 0.213543 259.666104
-44.586620 300.103395 0.225000 0.211288 261.055695
-43.530588 301.009928 0.225000 0.209131 262.399281
-42.492733 301.897234 0.225000 0.207068 263.697700
-41.471824 302.765444 0.225000 0.205162 264.951769
-40.466747 303.614697 0.225000 0.203342 266.162294
-39.476493 304.445126 0.225000 0.201709 267.330084
-38.500141 305.256872 0.225000 0.199925 268.456026
-37.536848 306.050051 0.225000 0.198212 269.540888
-36.585843 306.824773 0.225000 0.196569 270.585470
-35.646414 307.581145 0.225000 0.194993 271.590537
-34.717906 308.319272 0.225000 0.193480 272.556928
-33.799709 309.039253 0.225000 0.192028 273.485375
-32.891259 309.741184 0.225000 0.190635 274.376716
-31.992032 310.425159 0.225000 0.189298 275.231608
-31.101537 311.091266 0.225000 0.188015 276.050929
-30.219314 311.739589 0.225000 0.186785 276.835325
-29.344934 312.370211 0.225000 0.185606 277.585595
-28.477994 312.983208 0.225000 0.184475 278.302455
-27.618112 313.578657 0.225000 0.183391 278.986584
-26.764931 314.156627 0.225000 0.182352 279.638772
-25.918110 314.717188 0.225000 0.181358 280.259643
-25.077328 315.260403 0.225000 0.180406 280.849900
-24.242282 315.786336 0.225000 0.179495 281.410287
-23.412680 316.295045 0.225000 0.178625 281.941368
-22.588248 316.786587 0.225000 0.177793 282.443877
-21.768723 317.261015 0.225000 0.176998 282.918410
-20.953852 317.718380 0.225000 0.176241 283.365603
-20.143396 318.158730 0.225000 0.175518 283.786083
-19.337123 318.582112 0.225000 0.174831 284.180477
-18.534813 318.988569 0.225000 0.174177 284.549355
-17.736252 319.378143 0.225000 0.173556 284.893328
-16.941235 319.750873 0.225000 0.172967 285.212909
-16.149565 320.106795 0.225000 0.172409 285.508647
-15.361050 320.445944 0.225000 0.171882 285.781131
-14.575505 320.768355 0.225000 0.171384 286.030900
-13.792751 321.074056 0.225000 0.170916 286.258382
-13.012614 321.363078 0.225000 0.170476 286.464148
-12.234924 321.635447 0.225000 0.170064 286.648611
-11.459516 321.891189 0.225000 0.169680 286.812321
-10.686230 322.130328 0.225000 0.169323 286.955679
-9.914909 322.352885 0.225000 0.168992 287.079067
-9.145398 322.558881 0.225000 0.168687 287.183013
-8.377548 322.748333 0.225000 0.168409 287.267832
-7.611211 322.921260 0.225000 0.168155 287.333884
-6.846240 323.077676 0.225000 0.167927 287.381665
-6.082494 323.217596 0.225000 0.167724 287.411411
-5.319832 323.341031 0.225000 0.167545 287.423498
-4.558113 323.447993 0.225000 0.167390 287.418241
-3.797202 323.538490 0.225000 0.167259 287.395893
-3.036960 323.612532 0.225000 0.167153 287.356799
-2.277253 323.670123 0.225000 0.167070 287.301188
-1.517947 323.711269 0.225000 0.167011 287.229329
-0.758907 323.735974 0.225000 0.166976 287.141378
0.000000 323.744240 0.225000 0.166964 287.037631
0.758907 323.736067 0.225000 0.166976 286.918168
1.517947 323.711455 0.225000 0.167011 286.783260
2.277253 323.670402 0.225000 0.167070 286.632963
3.036960 323.612904 0.225000 0.167153 286.467469
3.797202 323.538956 0.225000 0.167259 286.286857
4.558113 323.448552 0.225000 0.167390 286.091245
5.319832 323.341684 0.225000 0.167544 285.880634
6.082494 323.218343 0.225000 0.167723 285.655112
6.846240 323.078517 0.225000 0.167927 285.414702
7.611211 322.922194 0.225000 0.168155 285.159415
8.377548 322.749362 0.225000 0.168408 284.889199
9.145398 322.560004 0.225000 0.168687 284.604031
9.914909 322.354103 0.225000 0.168992 284.303877
10.686230 322.131641 0.225000 0.169322 283.988589
11.459516 321.892597 0.225000 0.169679 283.658151
12.234924 321.636951 0.225000 0.170064 283.312385
13.012614 321.364677 0.225000 0.170475 282.951096
13.792751 321.075752 0.225000 0.170915 282.574222
14.575505 320.770147 0.225000 0.171383 282.181439
15.361050 320.447833 0.225000 0.171881 281.772651
16.149565 320.108781 0.225000 0.172408 281.347554
16.941235 319.752957 0.225000 0.172966 280.905920
17.736252 319.380325 0.225000 0.173555 280.447410
18.534813 318.990850 0.225000 0.174176 279.971768
19.337123 318.584492 0.225000 0.174830 279.478621
20.143396 318.161210 0.225000 0.175518 278.967629
20.953852 317.720959 0.225000 0.176240 278.438431
21.768723 317.263695 0.225000 0.176997 277.890609
22.588248 316.789369 0.225000 0.177792 277.323723
23.412680 316.297929 0.225000 0.178623 276.737358
24.242282 315.789322 0.225000 0.179494 276.130999
25.077328 315.263492 0.225000 0.180405 275.504152
25.918110 314.720380 0.225000 0.181357 274.856306
26.764931 314.159924 0.225000 0.182351 274.186889
27.618112 313.582058 0.225000 0.183389 273.495353
28.477994 312.986715 0.225000 0.184473 272.781089
29.344934 312.373824 0.225000 0.185604 272.043431
30.219314 311.743309 0.225000 0.186784 271.281810
31.101537 311.095094 0.225000 0.188014 270.495483
31.992032 310.429096 0.225000 0.189296 269.683764
32.891259 309.745230 0.225000 0.190633 268.845949
33.799709 309.043408 0.225000 0.192026 267.981273
34.717906 308.323537 0.225000 0.193478 267.088922
35.646414 307.585522 0.225000 0.194991 266.168129
36.585843 306.829261 0.225000 0.196567 265.218039
37.536848 306.054653 0.225000 0.198210 264.237814
38.500141 305.261588 0.225000 0.199922 263.226557
39.476493 304.449956 0.225000 0.201706 262.183358
40.466747 303.619642 0.225000 0.203340 261.107285
41.471824 302.770505 0.225000 0.205159 259.997357
42.492733 301.902411 0.225000 0.207065 258.852555
43.530588 301.015223 0.225000 0.209128 257.671805
44.586620 300.108808 0.225000 0.211284 256.454072
45.662198 299.183032 0.225000 0.213539 255.198282
46.758852 298.240896 0.230156 0.219381 253.906806
47.878298 297.277758 0.232500 0.223465 252.573745
49.022477 296.293860 0.233438 0.226674 251.217955
50.193591 295.292432 0.235313 0.230636 249.801459
51.394167 294.270207 0.236250 0.234093 248.340616
52.627117 293.228975 0.237188 0.237712 246.836523
53.895832 292.169398 0.238125 0.241452 245.289139
55.204301 291.090454 0.239063 0.245394 243.696179
56.557269 289.991808 0.239531 0.249194 242.056279
57.960452 288.875582 0.244688 0.256322 240.371351
59.420843 287.741735 0.247500 0.262062 238.640582
60.947155 286.591038 0.249844 0.267748 236.864284
62.550469 285.424373 0.252188 0.273674 235.043061
64.245254 284.242726 0.253594 0.279299 233.177782
66.051021 283.046126 0.255469 0.285589 231.267858
67.995177 281.842394 0.257344 0.290607 229.324951
70.118394 280.629874 0.259219 0.296640 227.346142
72.485798 279.407471 0.260156 0.303588 225.329294
75.214368 278.176333 0.262031 0.312735 223.275948
78.559857 276.939388 0.263906 0.323676 221.190834
83.402352 275.692035 0.265313 0.339011 219.065973
