# Use this header for notes and global details
# Name of benchmark/experiment:
# Case number:
# Instellation (S_earth):
# XCO2 (ppm):
# Obliquity (degrees):

# Columns of data (annually averaged for last orbit)
# Lat = latitude (degrees)
# Tsurf = annually averaged surface temperature (K)
# Asurf = annually averaged surface albedo
# ATOA = annually averaged top-of-atmosphere/total/planetary albedo
# OLR = annually averaged outgoing longwave radiation (W m^-2)

# Lat Tsurf Asurf ATOA OLR
-83.402352 261.514425 0.574688 0.558940 199.583835
-78.559857 263.049334 0.573281 0.546015 202.635967
-75.214368 264.591068 0.571406 0.536121 205.690625
-72.485798 266.142528 0.570469 0.528171 208.745094
-70.118394 267.697027 0.569062 0.520724 211.782419
-67.995177 269.259394 0.503906 0.470577 214.810591
-66.051021 270.813635 0.427969 0.413757 217.800023
-64.245254 272.337625 0.358594 0.361109 220.714659
-62.550469 273.821698 0.263437 0.288957 223.526778
-60.947155 275.242659 0.262500 0.282962 226.195083
-59.420843 276.609138 0.260625 0.276613 228.736987
-57.960452 277.929879 0.259219 0.274255 231.169437
-56.557269 279.209944 0.258281 0.271193 233.502582
-55.204301 280.450442 0.256406 0.267480 235.739859
-53.895832 281.656761 0.254531 0.265201 237.893162
-52.627117 282.833750 0.253125 0.262386 239.971586
-51.394167 283.980494 0.250781 0.257481 241.975115
-50.193591 285.098178 0.248906 0.253081 243.906926
-49.022477 286.188902 0.246563 0.248459 245.771405
-47.878298 287.253675 0.243750 0.243683 247.571182
-46.758852 288.293268 0.239531 0.238024 249.308383
-45.662198 289.308082 0.238594 0.234779 250.984662
-44.586620 290.298915 0.237656 0.231632 252.602114
-43.530588 291.266332 0.236719 0.228631 254.162470
-42.492733 292.210840 0.236250 0.226013 255.667362
-41.471824 293.132952 0.234844 0.222883 257.118345
-40.466747 294.031417 0.233438 0.219823 258.514997
-39.476493 294.909956 0.232500 0.217184 259.862537
-38.500141 295.764872 0.230156 0.213554 261.157749
-37.536848 296.598158 0.225000 0.208114 262.403883
-36.585843 297.412729 0.225000 0.206367 263.604811
-35.646414 298.206411 0.225000 0.204734 264.759181
-34.717906 298.979517 0.225000 0.203129 265.868169
-33.799709 299.732331 0.225000 0.201592 266.932997
-32.891259 300.465111 0.225000 0.200199 267.954763
-31.992032 301.178109 0.225000 0.198948 268.934623
-31.101537 301.871564 0.225000 0.197646 269.873595
-30.219314 302.545687 0.225000 0.196286 270.772733
-29.344934 303.200665 0.225000 0.194980 271.632990
-28.477994 303.836668 0.225000 0.193729 272.455350
-27.618112 304.453858 0.225000 0.192528 273.240746
-26.764931 305.052385 0.225000 0.191378 273.990091
-25.918110 305.632386 0.225000 0.190276 274.704239
-25.077328 306.193994 0.225000 0.189220 275.384033
-24.242282 306.737329 0.225000 0.188210 276.030321
-23.412680 307.262505 0.225000 0.187244 276.643941
-22.588248 307.769629 0.225000 0.186320 277.225677
-21.768723 308.258800 0.225000 0.185437 277.776299
-20.953852 308.730112 0.225000 0.184595 278.296525
-20.143396 309.183652 0.225000 0.183792 278.787128
-19.337123 309.619502 0.225000 0.183027 279.248758
-18.534813 310.037738 0.225000 0.182299 279.682198
-17.736252 310.438433 0.225000 0.181608 280.088069
-16.941235 310.821652 0.225000 0.180951 280.467014
-16.149565 311.187459 0.225000 0.180329 280.819701
-15.361050 311.535912 0.225000 0.179741 281.146746
-14.575505 311.867066 0.225000 0.179186 281.448712
-13.792751 312.180972 0.225000 0.178663 281.726189
-13.012614 312.477677 0.225000 0.178172 281.979750
-12.234924 312.757225 0.225000 0.177712 282.209957
-11.459516 313.019656 0.225000 0.177283 282.417279
-10.686230 313.265010 0.225000 0.176884 282.602250
-9.914909 313.493319 0.225000 0.176514 282.765350
-9.145398 313.704617 0.225000 0.176173 282.907046
-8.377548 313.898932 0.225000 0.175861 283.027749
-7.611211 314.076291 0.225000 0.175577 283.127939
-6.846240 314.236718 0.225000 0.175322 283.207958
-6.082494 314.380234 0.225000 0.175093 283.268215
-5.319832 314.506859 0.225000 0.174893 283.309063
-4.558113 314.616609 0.225000 0.174719 283.330884
-3.797202 314.709498 0.225000 0.174573 283.333959
-3.036960 314.785539 0.225000 0.174453 283.318597
-2.277253 314.844741 0.225000 0.174361 283.285089
-1.517947 314.887113 0.225000 0.174294 283.233673
-0.758907 314.912659 0.225000 0.174254 283.164568
0.000000 314.921384 0.225000 0.174241 283.078021
0.758907 314.913288 0.225000 0.174254 282.974218
1.517947 314.888370 0.225000 0.174293 282.853286
2.277253 314.846627 0.225000 0.174359 282.715465
3.036960 314.788055 0.225000 0.174451 282.560767
3.797202 314.712645 0.225000 0.174570 282.389353
4.558113 314.620389 0.225000 0.174716 282.201283
5.319832 314.511273 0.225000 0.174889 281.996598
6.082494 314.385285 0.225000 0.175089 281.775325
6.846240 314.242407 0.225000 0.175317 281.537509
7.611211 314.082622 0.225000 0.175572 281.283098
8.377548 313.905907 0.225000 0.175855 281.012019
9.145398 313.712240 0.225000 0.176166 280.724262
9.914909 313.501593 0.225000 0.176507 280.419673
10.686230 313.273939 0.225000 0.176876 280.098165
11.459516 313.029246 0.225000 0.177275 279.759584
12.234924 312.767479 0.225000 0.177703 279.403760
13.012614 312.488600 0.225000 0.178163 279.030457
13.792751 312.192571 0.225000 0.178653 278.639504
14.575505 311.879346 0.225000 0.179175 278.230584
15.361050 311.548880 0.225000 0.179730 277.803479
16.149565 311.201121 0.225000 0.180317 277.357867
16.941235 310.836016 0.225000 0.180938 276.893369
17.736252 310.453506 0.225000 0.181594 276.409656
18.534813 310.053529 0.225000 0.182285 275.906298
19.337123 309.636020 0.225000 0.183012 275.382883
20.143396 309.200907 0.225000 0.183776 274.838969
20.953852 308.748113 0.225000 0.184578 274.274051
21.768723 308.277559 0.225000 0.185420 273.687639
22.588248 307.789156 0.225000 0.186301 273.079171
23.412680 307.282814 0.225000 0.187224 272.448030
24.242282 306.758432 0.225000 0.188190 271.793634
25.077328 306.215905 0.225000 0.189199 271.115338
25.918110 305.655121 0.225000 0.190253 270.412400
26.764931 305.075958 0.225000 0.191354 269.684174
27.618112 304.478288 0.225000 0.192504 268.929821
28.477994 303.861972 0.225000 0.193703 268.148591
29.344934 303.226862 0.225000 0.194953 267.339636
30.219314 302.572799 0.225000 0.196257 266.502037
31.101537 301.899612 0.225000 0.197617 265.634894
31.992032 301.207117 0.225000 0.198917 264.737231
32.891259 300.495105 0.225000 0.200166 263.807986
33.799709 299.763338 0.225000 0.201558 262.846105
34.717906 299.011567 0.225000 0.203094 261.850355
35.646414 298.239535 0.225000 0.204697 260.819492
36.585843 297.446962 0.225000 0.206328 259.752264
37.536848 296.633537 0.225000 0.208117 258.647271
38.500141 295.801455 0.230156 0.213512 257.505864
39.476493 294.947319 0.232031 0.216801 256.323463
40.466747 294.070589 0.233438 0.219776 255.119112
41.471824 293.173321 0.234375 0.222493 253.850791
42.492733 292.252599 0.235781 0.225643 252.536545
43.530588 291.309367 0.236719 0.228578 251.176161
44.586620 290.343270 0.237656 0.231576 249.767901
45.662198 289.353869 0.238594 0.234721 248.309905
46.758852 288.340564 0.239531 0.237964 246.800048
47.878298 287.302566 0.243750 0.243619 245.235895
49.022477 286.239494 0.246563 0.248393 243.615520
50.193591 285.150563 0.248906 0.253012 241.936377
51.394167 284.034804 0.250781 0.257408 240.195578
52.627117 282.889826 0.253125 0.262310 238.388153
53.895832 281.715369 0.254531 0.265428 236.511924
55.204301 280.511593 0.256406 0.267565 234.565444
56.557269 279.273907 0.258281 0.271096 232.539622
57.960452 277.996601 0.259219 0.274421 230.422907
59.420843 276.679738 0.260625 0.276499 228.212881
60.947155 275.317217 0.262500 0.282844 225.896445
62.550469 273.900394 0.263437 0.288836 223.455102
64.245254 272.421785 0.351094 0.355779 220.871162
66.051021 270.901070 0.420469 0.408523 218.176269
67.995177 269.347415 0.496406 0.465339 215.384994
70.118394 267.784264 0.569062 0.520548 212.541207
72.485798 266.228633 0.570469 0.528001 209.679334
75.214368 264.676036 0.571406 0.535957 206.792254
78.559857 263.133220 0.573281 0.545857 203.894313
83.402352 261.597231 0.574688 0.558788 200.979731
