# Use this header for notes and global details
# Name of benchmark/experiment:
# Case number:
# Instellation (S_earth):
# XCO2 (ppm):
# Obliquity (degrees):

# Columns of data (annually averaged for last orbit)
# Lat = latitude (degrees)
# Tsurf = annually averaged surface temperature (K)
# Asurf = annually averaged surface albedo
# ATOA = annually averaged top-of-atmosphere/total/planetary albedo
# OLR = annually averaged outgoing longwave radiation (W m^-2)

# Lat Tsurf Asurf ATOA OLR
-83.402352 305.691717 0.225000 0.302534 272.062189
-78.559857 307.138493 0.225000 0.291487 275.085950
-75.214368 308.576321 0.225000 0.288885 278.091011
-72.485798 310.002572 0.225000 0.286318 281.071875
-70.118394 311.416973 0.225000 0.283786 284.027974
-67.995177 312.818778 0.225000 0.281290 286.957746
-66.051021 314.206820 0.225000 0.278829 289.858754
-64.245254 315.579160 0.225000 0.276403 292.726944
-62.550469 316.933254 0.225000 0.274013 295.557001
-60.947155 318.267124 0.225000 0.271658 298.344789
-59.420843 319.579373 0.225000 0.269339 301.087390
-57.960452 320.869060 0.225000 0.267055 303.782835
-56.557269 322.135575 0.225000 0.264807 306.429852
-55.204301 323.378548 0.225000 0.262594 309.027665
-53.895832 324.597783 0.225000 0.260416 311.575866
-52.627117 325.793206 0.225000 0.258274 314.074301
-51.394167 326.964832 0.225000 0.256167 316.522999
-50.193591 328.112742 0.225000 0.254096 318.922131
-49.022477 329.237060 0.225000 0.252060 321.271955
-47.878298 330.337942 0.225000 0.250059 323.572799
-46.758852 331.415567 0.225000 0.248094 325.825035
-45.662198 332.470128 0.225000 0.246165 328.029068
-44.586620 333.501825 0.225000 0.244270 330.185314
-43.530588 334.510866 0.225000 0.242411 332.294210
-42.492733 335.497458 0.225000 0.240588 334.356187
-41.471824 336.461808 0.225000 0.238800 336.371679
-40.466747 337.404122 0.225000 0.237047 338.341115
-39.476493 338.324599 0.225000 0.235330 340.264912
-38.500141 339.223438 0.225000 0.233648 342.143485
-37.536848 340.100830 0.225000 0.232002 343.977235
-36.585843 340.956961 0.225000 0.230391 345.766548
-35.646414 341.792011 0.225000 0.228815 347.511803
-34.717906 342.606156 0.225000 0.227275 349.213366
-33.799709 343.399562 0.225000 0.225770 350.871585
-32.891259 344.172393 0.225000 0.224300 352.486801
-31.992032 344.924804 0.225000 0.222866 354.059340
-31.101537 345.656945 0.225000 0.221468 355.589515
-30.219314 346.368960 0.225000 0.220105 357.077626
-29.344934 347.060988 0.225000 0.218777 358.523965
-28.477994 347.733161 0.225000 0.217485 359.928806
-27.618112 348.385607 0.225000 0.216228 361.292419
-26.764931 349.018447 0.225000 0.215006 362.615054
-25.918110 349.631797 0.225000 0.213820 363.896956
-25.077328 350.225769 0.225000 0.212669 365.138357
-24.242282 350.800470 0.225000 0.211554 366.339482
-23.412680 351.356002 0.225000 0.210474 367.500544
-22.588248 351.892460 0.225000 0.209430 368.621741
-21.768723 352.409939 0.225000 0.208420 369.703273
-20.953852 352.908527 0.225000 0.207447 370.745321
-20.143396 353.388307 0.225000 0.206509 371.748062
-19.337123 353.849360 0.225000 0.205606 372.711662
-18.534813 354.291762 0.225000 0.204738 373.636283
-17.736252 354.715584 0.225000 0.203906 374.522071
-16.941235 355.120897 0.225000 0.203110 375.369175
-16.149565 355.507763 0.225000 0.202348 376.177725
-15.361050 355.876245 0.225000 0.201623 376.947852
-14.575505 356.226401 0.225000 0.200932 377.679678
-13.792751 356.558285 0.225000 0.200277 378.373316
-13.012614 356.871948 0.225000 0.199658 379.028871
-12.234924 357.167439 0.225000 0.199073 379.646448
-11.459516 357.444802 0.225000 0.198525 380.226136
-10.686230 357.704079 0.225000 0.198011 380.768025
-9.914909 357.945310 0.225000 0.197533 381.272198
-9.145398 358.168530 0.225000 0.197091 381.738728
-8.377548 358.373772 0.225000 0.196684 382.167683
-7.611211 358.561066 0.225000 0.196312 382.559128
-6.846240 358.730441 0.225000 0.195975 382.913122
-6.082494 358.881921 0.225000 0.195675 383.229715
-5.319832 359.015527 0.225000 0.195409 383.508951
-4.558113 359.131280 0.225000 0.195179 383.750875
-3.797202 359.229196 0.225000 0.194984 383.955520
-3.036960 359.309289 0.225000 0.194825 384.122914
-2.277253 359.371570 0.225000 0.194701 384.253081
-1.517947 359.416050 0.225000 0.194613 384.346045
-0.758907 359.442733 0.225000 0.194559 384.401812
0.000000 359.451624 0.225000 0.194542 384.420394
0.758907 359.442725 0.225000 0.194560 384.401795
1.517947 359.416033 0.225000 0.194613 384.346009
2.277253 359.371545 0.225000 0.194701 384.253029
3.036960 359.309255 0.225000 0.194825 384.122843
3.797202 359.229154 0.225000 0.194985 383.955432
4.558113 359.131230 0.225000 0.195179 383.750771
5.319832 359.015469 0.225000 0.195410 383.508830
6.082494 358.881854 0.225000 0.195675 383.229575
6.846240 358.730366 0.225000 0.195976 382.912965
7.611211 358.560983 0.225000 0.196313 382.558954
8.377548 358.373681 0.225000 0.196684 382.167493
9.145398 358.168430 0.225000 0.197092 381.738519
9.914909 357.945202 0.225000 0.197534 381.271972
10.686230 357.703964 0.225000 0.198012 380.767785
11.459516 357.444678 0.225000 0.198526 380.225877
12.234924 357.167307 0.225000 0.199075 379.646172
13.012614 356.871808 0.225000 0.199659 379.028579
13.792751 356.558137 0.225000 0.200279 378.373006
14.575505 356.226245 0.225000 0.200934 377.679352
15.361050 355.876081 0.225000 0.201624 376.947509
16.149565 355.507590 0.225000 0.202350 376.177363
16.941235 355.120716 0.225000 0.203111 375.368796
17.736252 354.715396 0.225000 0.203908 374.521678
18.534813 354.291565 0.225000 0.204740 373.635871
19.337123 353.849155 0.225000 0.205608 372.711234
20.143396 353.388094 0.225000 0.206511 371.747616
20.953852 352.908306 0.225000 0.207449 370.744860
21.768723 352.409711 0.225000 0.208423 369.702796
22.588248 351.892224 0.225000 0.209432 368.621248
23.412680 351.355757 0.225000 0.210476 367.500032
24.242282 350.800218 0.225000 0.211556 366.338956
25.077328 350.225509 0.225000 0.212672 365.137814
25.918110 349.631529 0.225000 0.213823 363.896396
26.764931 349.018171 0.225000 0.215009 362.614477
27.618112 348.385324 0.225000 0.216230 361.291827
28.477994 347.732871 0.225000 0.217487 359.928200
29.344934 347.060690 0.225000 0.218780 358.523342
30.219314 346.368655 0.225000 0.220108 357.076989
31.101537 345.656632 0.225000 0.221471 355.588861
31.992032 344.924483 0.225000 0.222869 354.058669
32.891259 344.172065 0.225000 0.224303 352.486116
33.799709 343.399227 0.225000 0.225773 350.870884
34.717906 342.605813 0.225000 0.227278 349.212649
35.646414 341.791661 0.225000 0.228818 347.511071
36.585843 340.956604 0.225000 0.230394 345.765802
37.536848 340.100465 0.225000 0.232005 343.976472
38.500141 339.223066 0.225000 0.233651 342.142708
39.476493 338.324220 0.225000 0.235333 340.264120
40.466747 337.403736 0.225000 0.237050 338.340308
41.471824 336.461416 0.225000 0.238803 336.370859
42.492733 335.497059 0.225000 0.240591 334.355353
43.530588 334.510460 0.225000 0.242415 332.293361
44.586620 333.501412 0.225000 0.244274 330.184451
45.662198 332.469708 0.225000 0.246168 328.028190
46.758852 331.415140 0.225000 0.248098 325.824143
47.878298 330.337509 0.225000 0.250063 323.571894
49.022477 329.236620 0.225000 0.252063 321.271036
50.193591 328.112296 0.225000 0.254099 318.921199
51.394167 326.964380 0.225000 0.256171 316.522054
52.627117 325.792747 0.225000 0.258277 314.073341
53.895832 324.597318 0.225000 0.260419 311.574895
55.204301 323.378077 0.225000 0.262597 309.026681
56.557269 322.135098 0.225000 0.264810 306.428855
57.960452 320.868577 0.225000 0.267058 303.781826
59.420843 319.578884 0.225000 0.269342 301.086368
60.947155 318.266629 0.225000 0.271661 298.343755
62.550469 316.932755 0.225000 0.274016 295.555958
64.245254 315.578656 0.225000 0.276406 292.725891
66.051021 314.206311 0.225000 0.278831 289.857690
67.995177 312.818265 0.225000 0.281292 286.956674
70.118394 311.416456 0.225000 0.283788 284.026893
72.485798 310.002053 0.225000 0.286320 281.070791
75.214368 308.575801 0.225000 0.288886 278.089924
78.559857 307.137974 0.225000 0.291489 275.084866
83.402352 305.691223 0.225000 0.302535 272.061156
