# Name of benchmark/experiment: FILLET Experiment 4 (CO₂ bifurcation)
# Model: AVALON (Albedo-feedback Variable Axial-tilt Latitudinal Outgoing-Net EBM)
# Mode: seasonal
# Ice line definition: latitude where annual-mean surface temperature crosses -10.0 °C
# Ice-free convention: NMaxLand=NMinLand=NMaxSea=NMinSea=90; SMaxLand=SMinLand=SMaxSea=SMinSea=-90
# Case Inst Obl XCO2 Tglob IceLineNMaxLand IceLineNMinLand IceLineNMaxSea IceLineNMinSea IceLineSMaxLand IceLineSMinLand IceLineSMaxSea IceLineSMinSea Diff OLRglob Branch
0 1.0 23.5 100000.0 314.95425126909817 90.0 90.0 90.0 90.0 -90.0 -90.0 -90.0 -90.0 0.5 262.1604756775611 cooling
1 1.0 23.5 79060.43210907701 314.32648775905983 90.0 90.0 90.0 90.0 -90.0 -90.0 -90.0 -90.0 0.5 262.1619721521291 cooling
2 1.0 23.5 62505.51925273976 313.6979764046742 90.0 90.0 90.0 90.0 -90.0 -90.0 -90.0 -90.0 0.5 262.1619729380025 cooling
3 1.0 23.5 49417.13361323838 313.06946465755834 90.0 90.0 90.0 90.0 -90.0 -90.0 -90.0 -90.0 0.5 262.16197293841554 cooling
4 1.0 23.5 39069.39937054621 312.44095291023604 90.0 90.0 90.0 90.0 -90.0 -90.0 -90.0 -90.0 0.5 262.1619729384157 cooling
5 1.0 23.5 30888.435964774784 311.81244116291373 90.0 90.0 90.0 90.0 -90.0 -90.0 -90.0 -90.0 0.5 262.1619729384157 cooling
6 1.0 23.5 24420.5309454865 311.1839294155915 90.0 90.0 90.0 90.0 -90.0 -90.0 -90.0 -90.0 0.5 262.16197293841606 cooling
7 1.0 23.5 19306.977288832495 310.555417668269 90.0 90.0 90.0 90.0 -90.0 -90.0 -90.0 -90.0 0.5 262.1619729384157 cooling
8 1.0 23.5 15264.179671752334 309.92690592094675 90.0 90.0 90.0 90.0 -90.0 -90.0 -90.0 -90.0 0.5 262.161972938416 cooling
9 1.0 23.5 12067.92640639329 309.2983941736243 90.0 90.0 90.0 90.0 -90.0 -90.0 -90.0 -90.0 0.5 262.1619729384157 cooling
10 1.0 23.5 9540.954763499944 308.6698824263021 90.0 90.0 90.0 90.0 -90.0 -90.0 -90.0 -90.0 0.5 262.161972938416 cooling
11 1.0 23.5 7543.120063354615 308.04137067897955 90.0 90.0 90.0 90.0 -90.0 -90.0 -90.0 -90.0 0.5 262.1619729384157 cooling
12 1.0 23.5 5963.623316594642 307.41285893165735 90.0 90.0 90.0 90.0 -90.0 -90.0 -90.0 -90.0 0.5 262.161972938416 cooling
13 1.0 23.5 4714.866363457395 306.7843471843349 90.0 90.0 90.0 90.0 -90.0 -90.0 -90.0 -90.0 0.5 262.1619729384157 cooling
14 1.0 23.5 3727.593720314942 306.1558354370126 90.0 90.0 90.0 90.0 -90.0 -90.0 -90.0 -90.0 0.5 262.161972938416 cooling
15 1.0 23.5 2947.0517025518097 305.5273236896901 90.0 90.0 90.0 90.0 -90.0 -90.0 -90.0 -90.0 0.5 262.16197293841566 cooling
16 1.0 23.5 2329.951810515372 304.89881194236796 90.0 90.0 90.0 90.0 -90.0 -90.0 -90.0 -90.0 0.5 262.161972938416 cooling
17 1.0 23.5 1842.0699693267163 304.2703001950455 90.0 90.0 90.0 90.0 -90.0 -90.0 -90.0 -90.0 0.5 262.16197293841583 cooling
18 1.0 23.5 1456.3484775012444 303.64178844772323 90.0 90.0 90.0 90.0 -90.0 -90.0 -90.0 -90.0 0.5 262.161972938416 cooling
19 1.0 23.5 1151.395399326447 303.01327670040075 90.0 90.0 90.0 90.0 -90.0 -90.0 -90.0 -90.0 0.5 262.16197293841583 cooling
20 1.0 23.5 910.2981779915218 302.3847649530785 90.0 90.0 90.0 90.0 -90.0 -90.0 -90.0 -90.0 0.5 262.161972938416 cooling
21 1.0 23.5 719.6856730011522 301.756253205756 90.0 90.0 90.0 90.0 -90.0 -90.0 -90.0 -90.0 0.5 262.16197293841583 cooling
22 1.0 23.5 568.9866029018299 301.12774145843383 90.0 90.0 90.0 90.0 -90.0 -90.0 -90.0 -90.0 0.5 262.161972938416 cooling
23 1.0 23.5 449.8432668969444 300.49922971111135 90.0 90.0 90.0 90.0 -90.0 -90.0 -90.0 -90.0 0.5 262.16197293841583 cooling
24 1.0 23.5 355.64803062231283 299.8707179637891 90.0 90.0 90.0 90.0 -90.0 -90.0 -90.0 -90.0 0.5 262.161972938416 cooling
25 1.0 23.5 281.1768697974231 299.2422062164667 90.0 90.0 90.0 90.0 -90.0 -90.0 -90.0 -90.0 0.5 262.16197293841583 cooling
26 1.0 23.5 222.29964825261956 298.6136944691444 90.0 90.0 90.0 90.0 -90.0 -90.0 -90.0 -90.0 0.5 262.161972938416 cooling
27 1.0 23.5 175.7510624854791 297.98522910989044 90.0 90.0 90.0 90.0 -90.0 -90.0 -90.0 -90.0 0.5 262.16206571455285 cooling
28 1.0 23.5 138.94954943731375 297.3566188999919 90.0 90.0 90.0 90.0 -90.0 -90.0 -90.0 -90.0 0.5 262.16186878940033 cooling
29 1.0 23.5 109.85411419875584 296.5992971093308 90.0 90.0 90.0 90.0 -90.0 -90.0 -90.0 -90.0 0.5 261.904248702723 cooling
30 1.0 23.5 86.85113737513525 295.87659527979565 90.0 90.0 90.0 90.0 -90.0 -90.0 -90.0 -90.0 0.5 261.71586853829734 cooling
31 1.0 23.5 68.66488450043002 294.94375843901065 90.0 90.0 90.0 90.0 -90.0 -90.0 -90.0 -90.0 0.5 261.10721835137207 cooling
32 1.0 23.5 54.286754393238596 293.99752959301645 90.0 90.0 90.0 90.0 -90.0 -90.0 -90.0 -90.0 0.5 260.47178415402834 cooling
33 1.0 23.5 42.91934260128778 293.1348596641193 90.0 90.0 90.0 90.0 -90.0 -90.0 -90.0 -90.0 0.5 260.0034677908788 cooling
34 1.0 23.5 33.93221771895328 292.02831111973984 90.0 90.0 90.0 90.0 -77.83045665700186 -90.0 -77.83045665700186 -90.0 0.5 259.04739419676457 cooling
35 1.0 23.5 26.826957952797258 290.7803019428461 90.0 77.83045665700186 90.0 77.83045665700186 -72.75700252390558 -90.0 -72.75700252390558 -90.0 0.5 257.80839933762195 cooling
36 1.0 23.5 21.209508879201906 289.979722677959 90.0 72.75700252390558 90.0 72.75700252390558 -72.75700252390558 -90.0 -72.75700252390558 -90.0 0.5 257.4642643024922 cooling
37 1.0 23.5 16.768329368110084 288.51933202123956 90.0 68.84130700058387 90.0 68.84130700058387 -68.84130700058387 -90.0 -68.84130700058387 -90.0 0.5 255.8005064836981 cooling
38 1.0 23.5 13.257113655901088 287.2142651916606 90.0 68.84130700058387 90.0 68.84130700058387 -65.52088340444688 -90.0 -65.52088340444688 -90.0 0.5 254.44739631918503 cooling
39 1.0 23.5 10.481131341546858 285.6708643990539 90.0 65.52088340444688 90.0 65.52088340444688 -62.578228140751904 -90.0 -62.578228140751904 -90.0 0.5 252.6176182286163 cooling
40 1.0 23.5 8.286427728546844 284.33815065729124 90.0 62.578228140751904 90.0 62.578228140751904 -62.578228140751904 -90.0 -62.578228140751904 -90.0 0.5 251.20921423973564 cooling
41 1.0 23.5 6.551285568595509 282.700199532025 90.0 59.901955813274874 90.0 59.901955813274874 -59.901955813274874 -90.0 -59.901955813274874 -90.0 0.5 249.1903354838479 cooling
42 1.0 23.5 5.179474679231212 281.01448359923694 90.0 57.425982177408926 90.0 57.425982177408926 -57.425982177408926 -90.0 -57.425982177408926 -90.0 0.5 247.07592711291642 cooling
43 1.0 23.5 4.094915062380426 279.28361062944975 90.0 55.1072953255733 90.0 55.1072953255733 -55.1072953255733 -90.0 -55.1072953255733 -90.0 0.5 244.87120466798686 cooling
44 1.0 23.5 3.237457542817644 277.51028770218085 90.0 50.83050677816714 90.0 50.83050677816714 -50.83050677816714 -90.0 -50.83050677816714 -90.0 0.5 242.58158230809366 cooling
45 1.0 23.5 2.5595479226995357 275.6969322449313 90.0 48.83429056727908 90.0 48.83429056727908 -48.83429056727908 -90.0 -48.83429056727908 -90.0 0.5 240.21189488823927 cooling
46 1.0 23.5 2.023589647725157 272.58766477201874 90.0 45.06148396663785 90.0 45.06148396663785 -45.06148396663785 -90.0 -45.06148396663785 -90.0 0.5 235.25038343705884 cooling
47 1.0 23.5 1.599858719606058 269.3434600681884 90.0 41.52305382984632 90.0 41.52305382984632 -41.52305382984632 -90.0 -41.52305382984632 -90.0 0.5 230.01899752404296 cooling
48 1.0 23.5 1.2648552168552962 221.3603865170474 90.0 0.0 90.0 0.0 0.0 -90.0 0.0 -90.0 0.5 135.3098739164056 cooling
49 1.0 23.5 1.0 220.73187572246798 90.0 0.0 90.0 0.0 0.0 -90.0 0.0 -90.0 0.5 135.3098758218915 cooling
50 1.0 23.5 1.0 220.7319231558782 90.0 0.0 90.0 0.0 0.0 -90.0 0.0 -90.0 0.5 135.3099706887119 warming
51 1.0 23.5 1.2648552168552962 221.3595757915333 90.0 0.0 90.0 0.0 0.0 -90.0 0.0 -90.0 0.5 135.30825246537745 warming
52 1.0 23.5 1.599858719606058 221.9880869840937 90.0 0.0 90.0 0.0 0.0 -90.0 0.0 -90.0 0.5 135.30825135585357 warming
53 1.0 23.5 2.023589647725157 222.61659873105762 90.0 0.0 90.0 0.0 0.0 -90.0 0.0 -90.0 0.5 135.30825135513663 warming
54 1.0 23.5 2.5595479226995357 223.24511047837998 90.0 0.0 90.0 0.0 0.0 -90.0 0.0 -90.0 0.5 135.30825135513666 warming
55 1.0 23.5 3.237457542817644 223.8736222257021 90.0 0.0 90.0 0.0 0.0 -90.0 0.0 -90.0 0.5 135.3082513551362 warming
56 1.0 23.5 4.094915062380426 224.50213397302468 90.0 0.0 90.0 0.0 0.0 -90.0 0.0 -90.0 0.5 135.30825135513666 warming
57 1.0 23.5 5.179474679231212 225.13064572034682 90.0 0.0 90.0 0.0 0.0 -90.0 0.0 -90.0 0.5 135.3082513551362 warming
58 1.0 23.5 6.551285568595509 225.7591574676694 90.0 0.0 90.0 0.0 0.0 -90.0 0.0 -90.0 0.5 135.3082513551367 warming
59 1.0 23.5 8.286427728546844 226.38766921499155 90.0 0.0 90.0 0.0 0.0 -90.0 0.0 -90.0 0.5 135.30825135513624 warming
60 1.0 23.5 10.481131341546858 227.01618096231414 90.0 0.0 90.0 0.0 0.0 -90.0 0.0 -90.0 0.5 135.3082513551367 warming
61 1.0 23.5 13.257113655901088 227.64469270963625 90.0 0.0 90.0 0.0 0.0 -90.0 0.0 -90.0 0.5 135.30825135513626 warming
62 1.0 23.5 16.768329368110084 228.27320445695887 90.0 0.0 90.0 0.0 0.0 -90.0 0.0 -90.0 0.5 135.30825135513672 warming
63 1.0 23.5 21.209508879201906 228.90171620428097 90.0 0.0 90.0 0.0 0.0 -90.0 0.0 -90.0 0.5 135.30825135513626 warming
64 1.0 23.5 26.826957952797258 229.53022795160356 90.0 0.0 90.0 0.0 0.0 -90.0 0.0 -90.0 0.5 135.30825135513675 warming
65 1.0 23.5 33.93221771895328 230.15873969892573 90.0 0.0 90.0 0.0 0.0 -90.0 0.0 -90.0 0.5 135.30825135513632 warming
66 1.0 23.5 42.91934260128778 230.78725144624826 90.0 0.0 90.0 0.0 0.0 -90.0 0.0 -90.0 0.5 135.30825135513675 warming
67 1.0 23.5 54.286754393238596 231.41576319357046 90.0 0.0 90.0 0.0 0.0 -90.0 0.0 -90.0 0.5 135.30825135513638 warming
68 1.0 23.5 68.66488450043002 232.04427494089293 90.0 0.0 90.0 0.0 0.0 -90.0 0.0 -90.0 0.5 135.3082513551367 warming
69 1.0 23.5 86.85113737513525 232.67278668821518 90.0 0.0 90.0 0.0 0.0 -90.0 0.0 -90.0 0.5 135.3082513551364 warming
70 1.0 23.5 109.85411419875584 233.30129843553752 90.0 0.0 90.0 0.0 0.0 -90.0 0.0 -90.0 0.5 135.3082513551364 warming
71 1.0 23.5 138.94954943731375 233.92981018285985 90.0 0.0 90.0 0.0 0.0 -90.0 0.0 -90.0 0.5 135.3082513551364 warming
72 1.0 23.5 175.7510624854791 234.5583219301821 90.0 0.0 90.0 0.0 0.0 -90.0 0.0 -90.0 0.5 135.3082513551361 warming
73 1.0 23.5 222.29964825261956 235.18683367750455 90.0 0.0 90.0 0.0 0.0 -90.0 0.0 -90.0 0.5 135.30825135513632 warming
74 1.0 23.5 281.1768697974231 235.81534542482683 90.0 0.0 90.0 0.0 0.0 -90.0 0.0 -90.0 0.5 135.30825135513615 warming
75 1.0 23.5 355.64803062231283 236.44385717214928 90.0 0.0 90.0 0.0 0.0 -90.0 0.0 -90.0 0.5 135.3082513551364 warming
76 1.0 23.5 449.8432668969444 237.07236891947156 90.0 0.0 90.0 0.0 0.0 -90.0 0.0 -90.0 0.5 135.3082513551362 warming
77 1.0 23.5 568.9866029018299 237.700880666794 90.0 0.0 90.0 0.0 0.0 -90.0 0.0 -90.0 0.5 135.3082513551364 warming
78 1.0 23.5 719.6856730011522 238.32939241411628 90.0 0.0 90.0 0.0 0.0 -90.0 0.0 -90.0 0.5 135.30825135513624 warming
79 1.0 23.5 910.2981779915218 238.95790416143873 90.0 0.0 90.0 0.0 0.0 -90.0 0.0 -90.0 0.5 135.30825135513646 warming
80 1.0 23.5 1151.395399326447 239.586415908761 90.0 0.0 90.0 0.0 0.0 -90.0 0.0 -90.0 0.5 135.30825135513626 warming
81 1.0 23.5 1456.3484775012444 240.21492765608343 90.0 0.0 90.0 0.0 0.0 -90.0 0.0 -90.0 0.5 135.30825135513643 warming
82 1.0 23.5 1842.0699693267163 240.84343940340574 90.0 0.0 90.0 0.0 0.0 -90.0 0.0 -90.0 0.5 135.30825135513626 warming
83 1.0 23.5 2329.951810515372 241.47195115072807 90.0 0.0 90.0 0.0 0.0 -90.0 0.0 -90.0 0.5 135.30825135513626 warming
84 1.0 23.5 2947.0517025518097 242.1004628980503 90.0 0.0 90.0 0.0 0.0 -90.0 0.0 -90.0 0.5 135.30825135513604 warming
85 1.0 23.5 3727.593720314942 242.72897464537272 90.0 0.0 90.0 0.0 0.0 -90.0 0.0 -90.0 0.5 135.30825135513612 warming
86 1.0 23.5 4714.866363457395 243.35748639269502 90.0 0.0 90.0 0.0 0.0 -90.0 0.0 -90.0 0.5 135.30825135513604 warming
87 1.0 23.5 5963.623316594642 243.98599814001741 90.0 0.0 90.0 0.0 0.0 -90.0 0.0 -90.0 0.5 135.30825135513615 warming
88 1.0 23.5 7543.120063354615 244.61450988733975 90.0 0.0 90.0 0.0 0.0 -90.0 0.0 -90.0 0.5 135.30825135513606 warming
89 1.0 23.5 9540.954763499944 245.24302163466214 90.0 0.0 90.0 0.0 0.0 -90.0 0.0 -90.0 0.5 135.30825135513618 warming
90 1.0 23.5 12067.92640639329 245.87153338198448 90.0 0.0 90.0 0.0 0.0 -90.0 0.0 -90.0 0.5 135.30825135513606 warming
91 1.0 23.5 15264.179671752334 246.50004512930684 90.0 0.0 90.0 0.0 0.0 -90.0 0.0 -90.0 0.5 135.30825135513612 warming
92 1.0 23.5 19306.977288832495 247.12855687662918 90.0 0.0 90.0 0.0 0.0 -90.0 0.0 -90.0 0.5 135.30825135513606 warming
93 1.0 23.5 24420.5309454865 247.75706862395157 90.0 0.0 90.0 0.0 0.0 -90.0 0.0 -90.0 0.5 135.3082513551362 warming
94 1.0 23.5 30888.435964774784 248.3855803712739 90.0 0.0 90.0 0.0 0.0 -90.0 0.0 -90.0 0.5 135.30825135513615 warming
95 1.0 23.5 39069.39937054621 249.01409211859624 90.0 0.0 90.0 0.0 0.0 -90.0 0.0 -90.0 0.5 135.30825135513612 warming
96 1.0 23.5 49417.13361323838 249.6426038659186 90.0 0.0 90.0 0.0 0.0 -90.0 0.0 -90.0 0.5 135.30825135513612 warming
97 1.0 23.5 62505.51925273976 250.27111561324097 90.0 0.0 90.0 0.0 0.0 -90.0 0.0 -90.0 0.5 135.30825135513612 warming
98 1.0 23.5 79060.43210907701 250.89962736056333 90.0 0.0 90.0 0.0 0.0 -90.0 0.0 -90.0 0.5 135.30825135513615 warming
99 1.0 23.5 100000.0 251.5281391078857 90.0 0.0 90.0 0.0 0.0 -90.0 0.0 -90.0 0.5 135.30825135513615 warming
