# Use this header for notes and global details
# Name of benchmark/experiment:
# Case number:
# Instellation (S_earth):
# XCO2 (ppm):
# Obliquity (degrees):

# Columns of data (annually averaged for last orbit)
# Lat = latitude (degrees)
# Tsurf = annually averaged surface temperature (K)
# Asurf = annually averaged surface albedo
# ATOA = annually averaged top-of-atmosphere/total/planetary albedo
# OLR = annually averaged outgoing longwave radiation (W m^-2)

# Lat Tsurf Asurf ATOA OLR
-83.380372 369.673069 0.225000 0.251806 405.783214
-78.521659 369.201856 0.225000 0.251437 404.798379
-75.164888 368.712242 0.225000 0.251073 403.775086
-72.427054 368.210612 0.225000 0.250715 402.726679
-70.051556 367.701321 0.225000 0.250361 401.662261
-67.921031 367.186729 0.225000 0.250013 400.586764
-65.970136 366.668861 0.225000 0.249669 399.504419
-64.158067 366.149242 0.225000 0.249331 398.418416
-62.457325 365.628984 0.225000 0.248997 397.331077
-60.848336 365.109133 0.225000 0.248669 396.244588
-59.316583 364.590558 0.225000 0.248346 395.160766
-57.850948 364.073919 0.225000 0.248027 394.080991
-56.442690 363.559839 0.225000 0.247714 393.006564
-55.084794 363.048928 0.225000 0.247405 391.938760
-53.771523 362.541673 0.225000 0.247102 390.878597
-52.498117 362.038489 0.225000 0.246803 389.826942
-51.260575 361.539782 0.225000 0.246510 388.784644
-50.055495 361.045960 0.225000 0.246221 387.752556
-48.879952 360.557370 0.225000 0.245938 386.731403
-47.731416 360.074305 0.225000 0.245659 385.721797
-46.607672 359.597048 0.225000 0.245386 384.724330
-45.506776 359.125890 0.225000 0.245117 383.739610
-44.427004 358.661111 0.225000 0.244854 382.768222
-43.366822 358.202944 0.225000 0.244595 381.810653
-42.324857 357.751599 0.225000 0.244342 380.867342
-41.299873 357.307288 0.225000 0.244093 379.938732
-40.290752 356.870231 0.225000 0.243849 379.025283
-39.296480 356.440648 0.225000 0.243611 378.127454
-38.316134 356.018723 0.225000 0.243377 377.245631
-37.348870 355.604619 0.225000 0.243148 376.380154
-36.393910 355.198504 0.225000 0.242925 375.531373
-35.450543 354.800548 0.225000 0.242706 374.699645
-34.518108 354.410929 0.225000 0.242492 373.885342
-33.595995 354.029802 0.225000 0.242283 373.088786
-32.683639 353.657303 0.225000 0.242080 372.310263
-31.780510 353.293563 0.225000 0.241881 371.550047
-30.886118 352.938721 0.225000 0.241687 370.808427
-30.000000 352.592918 0.225000 0.241498 370.085699
-29.121726 352.256275 0.225000 0.241314 369.382115
-28.250889 351.928899 0.225000 0.241135 368.697899
-27.387108 351.610888 0.225000 0.240961 368.033256
-26.530021 351.302347 0.225000 0.240792 367.388405
-25.679289 351.003380 0.225000 0.240628 366.763564
-24.834587 350.714067 0.225000 0.240469 366.158900
-23.995611 350.434474 0.225000 0.240315 365.574551
-23.162069 350.164666 0.225000 0.240166 365.010652
-22.333683 349.904706 0.225000 0.240022 364.467336
-21.510188 349.654629 0.225000 0.239883 363.944675
-20.691333 349.414457 0.225000 0.239749 363.442715
-19.876874 349.184200 0.225000 0.239620 362.961478
-19.066580 348.963829 0.225000 0.239495 362.500903
-18.260228 348.753281 0.225000 0.239376 362.060857
-17.457603 348.552474 0.225000 0.239262 361.641171
-16.658499 348.361314 0.225000 0.239153 361.241646
-15.862716 348.179700 0.225000 0.239048 360.862073
-15.070062 348.007529 0.225000 0.238949 360.502236
-14.280350 347.844697 0.225000 0.238855 360.161917
-13.493399 347.691100 0.225000 0.238765 359.840899
-12.709033 347.546639 0.225000 0.238681 359.538976
-11.927082 347.411214 0.225000 0.238602 359.255937
-11.147378 347.284733 0.225000 0.238527 358.991592
-10.369760 347.167105 0.225000 0.238458 358.745749
-9.594068 347.058246 0.225000 0.238393 358.518234
-8.820148 346.958076 0.225000 0.238334 358.308879
-8.047846 346.866521 0.225000 0.238279 358.117529
-7.277014 346.783513 0.225000 0.238230 357.944042
-6.507504 346.708990 0.225000 0.238185 357.788289
-5.739170 346.642896 0.225000 0.238145 357.650153
-4.971872 346.585179 0.225000 0.238111 357.529524
-4.205466 346.535797 0.225000 0.238081 357.426316
-3.439813 346.494710 0.225000 0.238056 357.340444
-2.674774 346.461887 0.225000 0.238037 357.271844
-1.910213 346.437303 0.225000 0.238022 357.220463
-1.145992 346.420940 0.225000 0.238012 357.186265
-0.381975 346.412783 0.225000 0.238007 357.169216
0.381975 346.412826 0.225000 0.238008 357.169306
1.145992 346.421071 0.225000 0.238013 357.186538
1.910213 346.437522 0.225000 0.238023 357.220921
2.674774 346.462192 0.225000 0.238038 357.272481
3.439813 346.495100 0.225000 0.238058 357.341259
4.205466 346.536271 0.225000 0.238083 357.427306
4.971872 346.585738 0.225000 0.238113 357.530692
5.739170 346.643536 0.225000 0.238148 357.651490
6.507504 346.709711 0.225000 0.238188 357.789796
7.277014 346.784312 0.225000 0.238233 357.945712
8.047846 346.867396 0.225000 0.238283 358.119358
8.820148 346.959024 0.225000 0.238338 358.310860
9.594068 347.059265 0.225000 0.238397 358.520364
10.369760 347.168192 0.225000 0.238462 358.748021
11.147378 347.285885 0.225000 0.238532 358.994000
11.927082 347.412428 0.225000 0.238607 359.258475
12.709033 347.547910 0.225000 0.238687 359.541632
13.493399 347.692424 0.225000 0.238771 359.843666
14.280350 347.846069 0.225000 0.238861 360.164784
15.070062 348.008945 0.225000 0.238955 360.505195
15.862716 348.181155 0.225000 0.239055 360.865114
16.658499 348.362802 0.225000 0.239160 361.244756
17.457603 348.553989 0.225000 0.239269 361.644337
18.260228 348.754816 0.225000 0.239384 362.064065
19.066580 348.965377 0.225000 0.239503 362.504138
19.876874 349.185753 0.225000 0.239628 362.964724
20.691333 349.416008 0.225000 0.239757 363.445957
21.510188 349.656168 0.225000 0.239892 363.947891
22.333683 349.906222 0.225000 0.240031 364.470504
23.162069 350.166150 0.225000 0.240175 365.013753
23.995611 350.435912 0.225000 0.240325 365.577556
24.834587 350.715446 0.225000 0.240479 366.161782
25.679289 351.004687 0.225000 0.240638 366.766296
26.530021 351.303567 0.225000 0.240802 367.390955
27.387108 351.612004 0.225000 0.240972 368.035588
28.250889 351.929893 0.225000 0.241146 368.699976
29.121726 352.257129 0.225000 0.241325 369.383900
30.000000 352.593612 0.225000 0.241509 370.087149
30.886118 352.939235 0.225000 0.241698 370.809501
31.780510 353.293874 0.225000 0.241892 371.550697
32.683639 353.657387 0.225000 0.242091 372.310439
33.595995 354.029635 0.225000 0.242295 373.088437
34.518108 354.410485 0.225000 0.242504 373.884414
35.450543 354.799801 0.225000 0.242718 374.698084
36.393910 355.197425 0.225000 0.242937 375.529118
37.348870 355.603179 0.225000 0.243161 376.377144
38.316134 356.016890 0.225000 0.243389 377.241800
39.296480 356.438393 0.225000 0.243623 378.122741
40.290752 356.867523 0.225000 0.243862 379.019623
41.299873 357.304097 0.225000 0.244106 379.932063
42.324857 357.747894 0.225000 0.244354 380.859598
43.366822 358.198693 0.225000 0.244608 381.801768
44.427004 358.656284 0.225000 0.244866 382.758134
45.506776 359.120457 0.225000 0.245130 383.728255
46.607672 359.590982 0.225000 0.245399 384.711652
47.731416 360.067580 0.225000 0.245672 385.707742
48.879952 360.549960 0.225000 0.245950 386.715916
50.055495 361.037842 0.225000 0.246234 387.735590
51.260575 361.530934 0.225000 0.246522 388.766152
52.498117 362.028892 0.225000 0.246816 389.806884
53.771523 362.531311 0.225000 0.247114 390.856940
55.084794 363.037785 0.225000 0.247417 391.915471
56.442690 363.547905 0.225000 0.247725 392.981621
57.850948 364.061185 0.225000 0.248039 394.054377
59.316583 364.577021 0.225000 0.248357 395.132474
60.848336 365.094793 0.225000 0.248680 396.214617
62.457325 365.613846 0.225000 0.249008 397.299438
64.158067 366.133320 0.225000 0.249341 398.385139
65.970136 366.652174 0.225000 0.249679 399.469544
67.921031 367.169304 0.225000 0.250021 400.550345
70.051556 367.683199 0.225000 0.250369 401.624386
72.427054 368.191845 0.225000 0.250722 402.687456
75.164888 368.692893 0.225000 0.251079 403.734646
78.521659 369.182009 0.225000 0.251442 404.756899
83.380372 369.652835 0.225000 0.251809 405.740925
