# Use this header for notes and global details
# Name of benchmark/experiment:
# Case number:
# Instellation (S_earth):
# XCO2 (ppm):
# Obliquity (degrees):

# Columns of data (annually averaged for last orbit)
# Lat = latitude (degrees)
# Tsurf = annually averaged surface temperature (K)
# Asurf = annually averaged surface albedo
# ATOA = annually averaged top-of-atmosphere/total/planetary albedo
# OLR = annually averaged outgoing longwave radiation (W m^-2)

# Lat Tsurf Asurf ATOA OLR
-83.380372 351.882761 0.225000 0.246762 368.601470
-78.521659 351.301867 0.225000 0.246681 367.387402
-75.164888 350.707059 0.225000 0.246598 366.144253
-72.427054 350.104145 0.225000 0.246513 364.884163
-70.051556 349.496519 0.225000 0.246429 363.614225
-67.921031 348.886168 0.225000 0.246344 362.338591
-65.970136 348.274576 0.225000 0.246261 361.060364
-64.158067 347.662995 0.225000 0.246178 359.782160
-62.457325 347.052268 0.225000 0.246096 358.505740
-60.848336 346.443145 0.225000 0.246014 357.232673
-59.316583 345.836363 0.225000 0.245934 355.964499
-57.850948 345.232537 0.225000 0.245854 354.702502
-56.442690 344.632143 0.225000 0.245776 353.447679
-55.084794 344.035630 0.225000 0.245699 352.200967
-53.771523 343.443446 0.225000 0.245622 350.963302
-52.498117 342.855973 0.225000 0.245547 349.735484
-51.260575 342.273519 0.225000 0.245473 348.518155
-50.055495 341.696377 0.225000 0.245400 347.311928
-48.879952 341.124843 0.225000 0.245328 346.117422
-47.731416 340.559218 0.225000 0.245257 344.935266
-46.607672 339.999772 0.225000 0.245187 343.766023
-45.506776 339.446732 0.225000 0.245119 342.610170
-44.427004 338.900312 0.225000 0.245051 341.468152
-43.366822 338.360731 0.225000 0.244985 340.340428
-42.324857 337.828212 0.225000 0.244920 339.227463
-41.299873 337.302961 0.225000 0.244856 338.129688
-40.290752 336.785154 0.225000 0.244793 337.047472
-39.296480 336.274958 0.225000 0.244732 335.981162
-38.316134 335.772538 0.225000 0.244671 334.931104
-37.348870 335.278070 0.225000 0.244612 333.897666
-36.393910 334.791726 0.225000 0.244554 332.881207
-35.450543 334.313663 0.225000 0.244497 331.882056
-34.518108 333.844020 0.225000 0.244441 330.900502
-33.595995 333.382932 0.225000 0.244387 329.936828
-32.683639 332.930539 0.225000 0.244333 328.991327
-31.780510 332.486989 0.225000 0.244281 328.064307
-30.886118 332.052436 0.225000 0.244231 327.156091
-30.000000 331.627032 0.225000 0.244181 326.266997
-29.121726 331.210914 0.225000 0.244132 325.397310
-28.250889 330.804209 0.225000 0.244085 324.547297
-27.387108 330.407047 0.225000 0.244039 323.717228
-26.530021 330.019563 0.225000 0.243994 322.907387
-25.679289 329.641900 0.225000 0.243951 322.118071
-24.834587 329.274197 0.225000 0.243908 321.349572
-23.995611 328.916584 0.225000 0.243867 320.602161
-23.162069 328.569181 0.225000 0.243827 319.876088
-22.333683 328.232107 0.225000 0.243789 319.171604
-21.510188 327.905486 0.225000 0.243751 318.488966
-20.691333 327.589448 0.225000 0.243715 317.828446
-19.876874 327.284125 0.225000 0.243680 317.190321
-19.066580 326.989639 0.225000 0.243646 316.574846
-18.260228 326.706100 0.225000 0.243614 315.982249
-17.457603 326.433618 0.225000 0.243583 315.412762
-16.658499 326.172302 0.225000 0.243553 314.866611
-15.862716 325.922270 0.225000 0.243524 314.344044
-15.070062 325.683644 0.225000 0.243496 313.845316
-14.280350 325.456540 0.225000 0.243470 313.370669
-13.493399 325.241060 0.225000 0.243445 312.920315
-12.709033 325.037299 0.225000 0.243421 312.494455
-11.927082 324.845349 0.225000 0.243399 312.093279
-11.147378 324.665306 0.225000 0.243378 311.716990
-10.369760 324.497248 0.225000 0.243358 311.365748
-9.594068 324.341235 0.225000 0.243339 311.039681
-8.820148 324.197305 0.225000 0.243321 310.738867
-8.047846 324.065475 0.225000 0.243305 310.463343
-7.277014 323.945751 0.225000 0.243290 310.213120
-6.507504 323.838131 0.225000 0.243276 309.988194
-5.739170 323.742608 0.225000 0.243264 309.788551
-4.971872 323.659174 0.225000 0.243253 309.614174
-4.205466 323.587818 0.225000 0.243243 309.465040
-3.439813 323.528531 0.225000 0.243234 309.341130
-2.674774 323.481303 0.225000 0.243227 309.242423
-1.910213 323.446126 0.225000 0.243221 309.168903
-1.145992 323.422992 0.225000 0.243216 309.120553
-0.381975 323.411899 0.225000 0.243212 309.097369
0.381975 323.412842 0.225000 0.243210 309.099340
1.145992 323.425824 0.225000 0.243209 309.126472
1.910213 323.450845 0.225000 0.243209 309.178766
2.674774 323.487910 0.225000 0.243210 309.256232
3.439813 323.537027 0.225000 0.243213 309.358886
4.205466 323.598203 0.225000 0.243217 309.486744
4.971872 323.671449 0.225000 0.243223 309.639828
5.739170 323.756773 0.225000 0.243229 309.818156
6.507504 323.854187 0.225000 0.243237 310.021751
7.277014 323.963699 0.225000 0.243246 310.250631
8.047846 324.085317 0.225000 0.243257 310.504813
8.820148 324.219041 0.225000 0.243269 310.784296
9.594068 324.364866 0.225000 0.243282 311.089070
10.369760 324.522776 0.225000 0.243296 311.419102
11.147378 324.692730 0.225000 0.243312 311.774306
11.927082 324.874672 0.225000 0.243328 312.154564
12.709033 325.068520 0.225000 0.243347 312.559707
13.493399 325.274180 0.225000 0.243366 312.989536
14.280350 325.491558 0.225000 0.243387 313.443856
15.070062 325.720561 0.225000 0.243409 313.922472
15.862716 325.961086 0.225000 0.243432 314.425170
16.658499 326.213016 0.225000 0.243457 314.951703
17.457603 326.476228 0.225000 0.243483 315.501817
18.260228 326.750607 0.225000 0.243510 316.075269
19.066580 327.036041 0.225000 0.243539 316.671826
19.876874 327.332422 0.225000 0.243569 317.291262
20.691333 327.639640 0.225000 0.243600 317.933348
21.510188 327.957572 0.225000 0.243632 318.597825
22.333683 328.286088 0.225000 0.243666 319.284424
23.162069 328.625058 0.225000 0.243701 319.992871
23.995611 328.974358 0.225000 0.243738 320.722908
24.834587 329.333867 0.225000 0.243776 321.474282
25.679289 329.703468 0.225000 0.243815 322.246748
26.530021 330.083031 0.225000 0.243855 323.040035
27.387108 330.472417 0.225000 0.243897 323.853852
28.250889 330.871483 0.225000 0.243940 324.687899
29.121726 331.280094 0.225000 0.243984 325.541896
30.000000 331.698120 0.225000 0.244030 326.415571
30.886118 332.125433 0.225000 0.244077 327.308655
31.780510 332.561898 0.225000 0.244125 328.220867
32.683639 333.007363 0.225000 0.244175 329.151889
33.595995 333.461672 0.225000 0.244226 330.101394
34.518108 333.924678 0.225000 0.244278 331.069077
35.450543 334.396239 0.225000 0.244332 332.054640
36.393910 334.876219 0.225000 0.244387 333.057798
37.348870 335.364476 0.225000 0.244444 334.078255
38.316134 335.860852 0.225000 0.244502 335.115681
39.296480 336.365171 0.225000 0.244561 336.169707
40.290752 336.877258 0.225000 0.244621 337.239969
41.299873 337.396943 0.225000 0.244683 338.326111
42.324857 337.924061 0.225000 0.244746 339.427787
43.366822 338.458429 0.225000 0.244811 340.544617
44.427004 338.999841 0.225000 0.244877 341.676168
45.506776 339.548069 0.225000 0.244945 342.821964
46.607672 340.102893 0.225000 0.245013 343.981546
47.731416 340.664098 0.225000 0.245084 345.154465
48.879952 341.231452 0.225000 0.245155 346.340235
50.055495 341.804682 0.225000 0.245228 347.538285
51.260575 342.383485 0.225000 0.245303 348.747984
52.498117 342.967563 0.225000 0.245379 349.968707
53.771523 343.556624 0.225000 0.245456 351.199844
55.084794 344.150359 0.225000 0.245535 352.440750
56.442690 344.748388 0.225000 0.245616 353.690631
57.850948 345.350262 0.225000 0.245697 354.948548
59.316583 345.955530 0.225000 0.245781 356.213558
60.848336 346.563717 0.225000 0.245866 357.484669
62.457325 347.174210 0.225000 0.245953 358.760599
64.158067 347.786267 0.225000 0.246041 360.039798
65.970136 348.399132 0.225000 0.246131 361.320686
67.921031 349.011952 0.225000 0.246223 362.601480
70.051556 349.623463 0.225000 0.246317 363.879538
72.427054 350.232169 0.225000 0.246413 365.151733
75.164888 350.836061 0.225000 0.246511 366.413867
78.521659 351.431718 0.225000 0.246614 367.658791
83.380372 352.013275 0.225000 0.246722 368.874245
