# Use this header for notes and global details
# Name of benchmark/experiment:
# Case number:
# Instellation (S_earth):
# XCO2 (ppm):
# Obliquity (degrees):

# Columns of data (annually averaged for last orbit)
# Lat = latitude (degrees)
# Tsurf = annually averaged surface temperature (K)
# Asurf = annually averaged surface albedo
# ATOA = annually averaged top-of-atmosphere/total/planetary albedo
# OLR = annually averaged outgoing longwave radiation (W m^-2)

# Lat Tsurf Asurf ATOA OLR
-83.380372 266.401287 0.570000 0.570374 189.945190
-78.521659 265.988782 0.570000 0.569856 189.083054
-75.164888 265.575216 0.570000 0.569534 188.218701
-72.427054 265.161481 0.570000 0.569296 187.353995
-70.051556 264.748255 0.570000 0.569109 186.490353
-67.921031 264.335916 0.570000 0.568958 185.628564
-65.970136 263.924703 0.570000 0.568835 184.769129
-64.158067 263.514916 0.570000 0.568734 183.912674
-62.457325 263.106740 0.570000 0.568650 183.059587
-60.848336 262.700306 0.570000 0.568583 182.210140
-59.316583 262.295766 0.570000 0.568954 181.364651
-57.850948 261.895069 0.570000 0.568908 180.527194
-56.442690 261.497997 0.570000 0.568871 179.697314
-55.084794 261.104398 0.570000 0.568842 178.874692
-53.771523 260.714187 0.570000 0.568822 178.059151
-52.498117 260.327321 0.570000 0.568808 177.250601
-51.260575 259.943756 0.570000 0.568801 176.448950
-50.055495 259.563453 0.570000 0.568799 175.654117
-48.879952 259.186399 0.570000 0.568803 174.866074
-47.731416 258.812601 0.570000 0.568813 174.084836
-46.607672 258.442078 0.570000 0.568827 173.310443
-45.506776 258.074838 0.571250 0.570252 172.542911
-44.427004 257.711806 0.571250 0.570272 171.784175
-43.366822 257.352917 0.571250 0.570295 171.034097
-42.324857 256.998125 0.571250 0.570322 170.292581
-41.299873 256.647407 0.571250 0.570353 169.559581
-40.290752 256.300739 0.571250 0.570386 168.835045
-39.296480 255.958099 0.571250 0.570422 168.118927
-38.316134 255.619470 0.571250 0.570461 167.411192
-37.348870 255.284847 0.572500 0.571848 166.711830
-36.393910 254.954854 0.572500 0.571886 166.022145
-35.450543 254.629462 0.572500 0.571926 165.342076
-34.518108 254.308654 0.572500 0.571968 164.671587
-33.595995 253.992404 0.572500 0.572013 164.010624
-32.683639 253.680696 0.572500 0.572059 163.359155
-31.780510 253.373520 0.573750 0.573371 162.717157
-30.886118 253.071337 0.573750 0.573413 162.085594
-30.000000 252.774125 0.573750 0.573457 161.464421
-29.121726 252.481877 0.573750 0.573503 160.853623
-28.250889 252.194586 0.573750 0.573550 160.253185
-27.387108 251.912244 0.575000 0.574775 159.663090
-26.530021 251.635203 0.575000 0.574817 159.084074
-25.679289 251.363444 0.575000 0.574861 158.516098
-24.834587 251.096957 0.576250 0.576009 157.959140
-23.995611 250.836040 0.576250 0.576048 157.413824
-23.162069 250.580682 0.577500 0.577343 156.880125
-22.333683 250.331052 0.578750 0.578380 156.358399
-21.510188 250.087372 0.578750 0.578424 155.849107
-20.691333 249.849627 0.580000 0.579449 155.352220
-19.876874 249.618013 0.581250 0.580502 154.868147
-19.066580 249.392717 0.582500 0.581588 154.397279
-18.260228 249.173918 0.583750 0.582711 153.939989
-17.457603 248.961787 0.587500 0.586396 153.496635
-16.658499 248.756927 0.588750 0.587645 153.068477
-15.862716 248.559523 0.590000 0.588931 152.655903
-15.070062 248.369767 0.600000 0.600000 152.259313
-14.280350 248.189644 0.600000 0.600000 151.882856
-13.493399 248.019089 0.600000 0.600000 151.526396
-12.709033 247.858049 0.600000 0.600000 151.189822
-11.927082 247.706488 0.600000 0.600000 150.873060
-11.147378 247.564379 0.600000 0.600000 150.576052
-10.369760 247.431701 0.600000 0.600000 150.298755
-9.594068 247.308434 0.600000 0.600000 150.041127
-8.820148 247.194566 0.600000 0.600000 149.803143
-8.047846 247.090095 0.600000 0.600000 149.584799
-7.277014 246.995029 0.600000 0.600000 149.386111
-6.507504 246.909385 0.600000 0.600000 149.207115
-5.739170 246.833190 0.600000 0.600000 149.047867
-4.971872 246.766474 0.600000 0.600000 148.908431
-4.205466 246.709259 0.600000 0.600000 148.788851
-3.439813 246.661568 0.600000 0.600000 148.689177
-2.674774 246.623423 0.600000 0.600000 148.609454
-1.910213 246.594850 0.600000 0.600000 148.549737
-1.145992 246.575881 0.600000 0.600000 148.510091
-0.381975 246.566550 0.600000 0.600000 148.490590
0.381975 246.566899 0.600000 0.600000 148.491319
1.145992 246.576928 0.600000 0.600000 148.512280
1.910213 246.596596 0.600000 0.600000 148.553386
2.674774 246.625868 0.600000 0.600000 148.614564
3.439813 246.664715 0.600000 0.600000 148.695754
4.205466 246.713108 0.600000 0.600000 148.796896
4.971872 246.771027 0.600000 0.600000 148.917946
5.739170 246.838451 0.600000 0.600000 149.058863
6.507504 246.915355 0.600000 0.600000 149.219592
7.277014 247.001713 0.600000 0.600000 149.400080
8.047846 247.097496 0.600000 0.600000 149.600267
8.820148 247.202688 0.600000 0.600000 149.820118
9.594068 247.317281 0.600000 0.600000 150.059617
10.369760 247.441279 0.600000 0.600000 150.318773
11.147378 247.574694 0.600000 0.600000 150.597610
11.927082 247.717544 0.600000 0.600000 150.896167
12.709033 247.869854 0.600000 0.600000 151.214495
13.493399 248.031649 0.600000 0.600000 151.552646
14.280350 248.202968 0.600000 0.600000 151.910703
15.070062 248.383861 0.600000 0.600000 152.288769
15.862716 248.574397 0.590000 0.588917 152.686990
16.658499 248.772584 0.588750 0.587628 153.101201
17.457603 248.978229 0.587500 0.586374 153.530999
18.260228 249.191145 0.583750 0.582695 153.975993
19.066580 249.410732 0.582500 0.581577 154.434930
19.876874 249.636818 0.581250 0.580494 154.907450
20.691333 249.869226 0.580000 0.579444 155.393182
21.510188 250.107771 0.578750 0.578417 155.891741
22.333683 250.352254 0.578750 0.578372 156.402711
23.162069 250.602693 0.577500 0.577291 156.926128
23.995611 250.858853 0.576250 0.575992 157.461503
24.834587 251.120568 0.576250 0.575952 158.008487
25.679289 251.387848 0.575000 0.574807 158.567102
26.530021 251.660396 0.575000 0.574762 159.136728
27.387108 251.938222 0.575000 0.574719 159.717384
28.250889 252.221344 0.573750 0.573498 160.309109
29.121726 252.509412 0.573750 0.573450 160.911171
30.000000 252.802433 0.573750 0.573404 161.523585
30.886118 253.100413 0.573750 0.573360 162.146363
31.780510 253.403361 0.573750 0.573317 162.779524
32.683639 253.711297 0.572500 0.572008 163.423111
33.595995 254.023762 0.572500 0.571962 164.076163
34.518108 254.340764 0.572500 0.571917 164.738697
35.450543 254.662323 0.572500 0.571874 165.410755
36.393910 254.988462 0.572500 0.571834 166.092386
37.348870 255.319201 0.572500 0.571796 166.783630
38.316134 255.654568 0.571250 0.570411 167.484547
39.296480 255.993939 0.571250 0.570372 168.193833
40.290752 256.337319 0.571250 0.570336 168.911497
41.299873 256.684725 0.571250 0.570302 169.637575
42.324857 257.036181 0.571250 0.570272 170.372118
43.366822 257.391709 0.571250 0.570245 171.115172
44.427004 257.751335 0.571250 0.570222 171.866790
45.506776 258.115105 0.571250 0.570202 172.627069
46.607672 258.483084 0.570000 0.568778 173.396146
47.731416 258.854344 0.570000 0.568764 174.172079
48.879952 259.228878 0.570000 0.568755 174.954855
50.055495 259.606668 0.570000 0.568751 175.744436
51.260575 259.987705 0.570000 0.568753 176.540803
52.498117 260.372005 0.570000 0.568761 177.343990
53.771523 260.759608 0.570000 0.568775 178.154081
55.084794 261.150558 0.570000 0.568797 178.971166
56.442690 261.544901 0.570000 0.568826 179.795343
57.850948 261.942722 0.570000 0.568864 180.626789
59.316583 262.344175 0.570000 0.568911 181.465826
60.848336 262.749483 0.568750 0.567581 182.312919
62.457325 263.156598 0.570000 0.568615 183.163790
64.158067 263.565444 0.570000 0.568700 184.018278
65.970136 263.975892 0.570000 0.568803 184.876114
67.921031 264.387756 0.570000 0.568928 185.736910
70.051556 264.800738 0.570000 0.569082 186.600042
72.427054 265.214593 0.570000 0.569272 187.464999
75.164888 265.628936 0.570000 0.569513 188.330976
78.521659 266.043082 0.570000 0.569841 189.196541
83.380372 266.456131 0.570000 0.570366 190.059814
