# Use this header for notes and global details
# Name of benchmark/experiment:
# Case number:
# Instellation (S_earth):
# XCO2 (ppm):
# Obliquity (degrees):

# Columns of data (annually averaged for last orbit)
# Lat = latitude (degrees)
# Tsurf = annually averaged surface temperature (K)
# Asurf = annually averaged surface albedo
# ATOA = annually averaged top-of-atmosphere/total/planetary albedo
# OLR = annually averaged outgoing longwave radiation (W m^-2)

# Lat Tsurf Asurf ATOA OLR
-83.380372 347.152124 0.225000 0.246750 358.714439
-78.521659 346.584490 0.225000 0.246667 357.528084
-75.164888 346.003076 0.225000 0.246582 356.312929
-72.427054 345.413969 0.225000 0.246496 355.081695
-70.051556 344.820465 0.225000 0.246410 353.841272
-67.921031 344.224522 0.225000 0.246325 352.595751
-65.970136 343.627550 0.225000 0.246241 351.348080
-64.158067 343.030761 0.225000 0.246157 350.100790
-62.457325 342.434950 0.225000 0.246075 348.855545
-60.848336 341.840829 0.225000 0.245993 347.613833
-59.316583 341.249107 0.225000 0.245913 346.377134
-57.850948 340.660357 0.225000 0.245833 345.146646
-56.442690 340.075018 0.225000 0.245755 343.923288
-55.084794 339.493514 0.225000 0.245677 342.707944
-53.771523 338.916277 0.225000 0.245601 341.501519
-52.498117 338.343700 0.225000 0.245526 340.304833
-51.260575 337.776094 0.225000 0.245452 339.118536
-50.055495 337.213745 0.225000 0.245379 337.943227
-48.879952 336.656941 0.225000 0.245307 336.779507
-47.731416 336.105967 0.225000 0.245236 335.627971
-46.607672 335.561065 0.225000 0.245167 334.489126
-45.506776 335.022441 0.225000 0.245098 333.363402
-44.427004 334.490295 0.225000 0.245031 332.251217
-43.366822 333.964834 0.225000 0.244965 331.153003
-42.324857 333.446262 0.225000 0.244900 330.069188
-41.299873 332.934759 0.225000 0.244837 329.000146
-40.290752 332.430478 0.225000 0.244774 327.946199
-39.296480 331.933569 0.225000 0.244713 326.907659
-38.316134 331.444188 0.225000 0.244653 325.884853
-37.348870 330.962500 0.225000 0.244594 324.878125
-36.393910 330.488679 0.225000 0.244537 323.887839
-35.450543 330.022892 0.225000 0.244480 322.914344
-34.518108 329.565285 0.225000 0.244425 321.957946
-33.595995 329.115999 0.225000 0.244371 321.018938
-32.683639 328.675172 0.225000 0.244318 320.097609
-31.780510 328.242952 0.225000 0.244266 319.194270
-30.886118 327.819491 0.225000 0.244216 318.309236
-30.000000 327.404933 0.225000 0.244167 317.442810
-29.121726 326.999406 0.225000 0.244119 316.595259
-28.250889 326.603031 0.225000 0.244072 315.766835
-27.387108 326.215934 0.225000 0.244027 314.957802
-26.530021 325.838244 0.225000 0.243982 314.168430
-25.679289 325.470098 0.225000 0.243939 313.399005
-24.834587 325.111625 0.225000 0.243898 312.649796
-23.995611 324.762940 0.225000 0.243857 311.921045
-23.162069 324.424156 0.225000 0.243818 311.212986
-22.333683 324.095382 0.225000 0.243780 310.525848
-21.510188 323.776737 0.225000 0.243743 309.859880
-20.691333 323.468344 0.225000 0.243707 309.215339
-19.876874 323.170338 0.225000 0.243673 308.592506
-19.066580 322.882848 0.225000 0.243640 307.991652
-18.260228 322.605997 0.225000 0.243608 307.413034
-17.457603 322.339898 0.225000 0.243577 306.856887
-16.658499 322.084665 0.225000 0.243548 306.323450
-15.862716 321.840413 0.225000 0.243519 305.812963
-15.070062 321.607267 0.225000 0.243492 305.325688
-14.280350 321.385342 0.225000 0.243467 304.861865
-13.493399 321.174740 0.225000 0.243442 304.421707
-12.709033 320.975552 0.225000 0.243419 304.005404
-11.927082 320.787872 0.225000 0.243397 303.613152
-11.147378 320.611792 0.225000 0.243377 303.245145
-10.369760 320.447388 0.225000 0.243357 302.901541
-9.594068 320.294714 0.225000 0.243339 302.582452
-8.820148 320.153810 0.225000 0.243322 302.287963
-8.047846 320.024692 0.225000 0.243306 302.018106
-7.277014 319.907364 0.225000 0.243292 301.772891
-6.507504 319.801825 0.225000 0.243279 301.552314
-5.739170 319.708068 0.225000 0.243267 301.356362
-4.971872 319.626086 0.225000 0.243256 301.185020
-4.205466 319.555867 0.225000 0.243247 301.038262
-3.439813 319.497403 0.225000 0.243239 300.916072
-2.674774 319.450684 0.225000 0.243232 300.818430
-1.910213 319.415702 0.225000 0.243226 300.745317
-1.145992 319.392451 0.225000 0.243222 300.696723
-0.381975 319.380927 0.225000 0.243219 300.672637
0.381975 319.381126 0.225000 0.243217 300.673053
1.145992 319.393050 0.225000 0.243217 300.697974
1.910213 319.416701 0.225000 0.243217 300.747405
2.674774 319.452082 0.225000 0.243219 300.821351
3.439813 319.499201 0.225000 0.243223 300.919830
4.205466 319.558066 0.225000 0.243227 301.042858
4.971872 319.628685 0.225000 0.243233 301.190452
5.739170 319.711070 0.225000 0.243240 301.362636
6.507504 319.805229 0.225000 0.243249 301.559429
7.277014 319.911172 0.225000 0.243258 301.780849
8.047846 320.028904 0.225000 0.243269 302.026909
8.820148 320.158428 0.225000 0.243281 302.297615
9.594068 320.299739 0.225000 0.243295 302.592955
10.369760 320.452819 0.225000 0.243310 302.912892
11.147378 320.617632 0.225000 0.243326 303.257351
11.927082 320.794121 0.225000 0.243343 303.626213
12.709033 320.982212 0.225000 0.243362 304.019323
13.493399 321.181810 0.225000 0.243382 304.436483
14.280350 321.392823 0.225000 0.243403 304.877500
15.070062 321.615160 0.225000 0.243425 305.342184
15.862716 321.848717 0.225000 0.243449 305.830319
16.658499 322.093381 0.225000 0.243474 306.341666
17.457603 322.349026 0.225000 0.243500 306.875964
18.260228 322.615536 0.225000 0.243528 307.432970
19.066580 322.892798 0.225000 0.243557 308.012448
19.876874 323.180697 0.225000 0.243587 308.614157
20.691333 323.479112 0.225000 0.243619 309.237844
21.510188 323.787911 0.225000 0.243651 309.883234
22.333683 324.106962 0.225000 0.243686 310.550051
23.162069 324.436138 0.225000 0.243721 311.238028
23.995611 324.775324 0.225000 0.243758 311.946927
24.834587 325.124406 0.225000 0.243796 312.676509
25.679289 325.483274 0.225000 0.243835 313.426543
26.530021 325.851811 0.225000 0.243876 314.196785
27.387108 326.229888 0.225000 0.243917 314.986966
28.250889 326.617368 0.225000 0.243961 315.796799
29.121726 327.014120 0.225000 0.244005 316.626011
30.000000 327.420020 0.225000 0.244051 317.474342
30.886118 327.834944 0.225000 0.244098 318.341533
31.780510 328.258765 0.225000 0.244147 319.227319
32.683639 328.691338 0.225000 0.244196 320.131396
33.595995 329.132510 0.225000 0.244247 321.053446
34.518108 329.582133 0.225000 0.244300 321.993158
35.450543 330.040068 0.225000 0.244354 322.950242
36.393910 330.506174 0.225000 0.244409 323.924404
37.348870 330.980304 0.225000 0.244465 324.915335
38.316134 331.462290 0.225000 0.244523 325.922686
39.296480 331.951957 0.225000 0.244582 326.946090
40.290752 332.449140 0.225000 0.244642 327.985203
41.299873 332.953681 0.225000 0.244704 329.039693
42.324857 333.465431 0.225000 0.244767 330.109251
43.366822 333.984233 0.225000 0.244832 331.193547
44.427004 334.509910 0.225000 0.244897 332.292212
45.506776 335.042254 0.225000 0.244965 333.404811
46.607672 335.581057 0.225000 0.245033 334.530909
47.731416 336.126119 0.225000 0.245103 335.670089
48.879952 336.677233 0.225000 0.245174 336.821917
50.055495 337.234155 0.225000 0.245247 337.985884
51.260575 337.796599 0.225000 0.245321 339.161392
52.498117 338.364275 0.225000 0.245396 340.347835
53.771523 338.936895 0.225000 0.245473 341.544611
55.084794 339.514147 0.225000 0.245552 342.751067
56.442690 340.095636 0.225000 0.245631 343.966379
57.850948 340.680927 0.225000 0.245713 345.189637
59.316583 341.269595 0.225000 0.245795 346.419954
60.848336 341.861198 0.225000 0.245879 347.656404
62.457325 342.455160 0.225000 0.245965 348.897784
64.158067 343.050768 0.225000 0.246052 350.142605
65.970136 343.647306 0.225000 0.246141 351.389370
67.921031 344.243974 0.225000 0.246232 352.636406
70.051556 344.839556 0.225000 0.246324 353.881172
72.427054 345.432632 0.225000 0.246419 355.120701
75.164888 346.021236 0.225000 0.246515 356.350883
78.521659 346.602056 0.225000 0.246615 357.564797
83.380372 347.168977 0.225000 0.246719 358.749662
