 # Name of benchmark/experiment: Experiment 2 (cold start)
 # Describe how ice line latitude is determined: The surface ice coverage corresponds to latitude bands in which the annually-averaged surface temperature is < 263.15 K.
 # Columns of data
 # Case = case number (0 -> total number of cases in experiment)
 # SEFF = effective stellar flux divided by value at Earth (1361 W/m^2)
 # Obl = obliquity (degrees)
 # XCO2 = CO2 mixing ratio (volume in ppm)
 # Tglob = global, annual mean surface temperature (K)
 # IceLineS = latitude of ice line in southern hemisphere (deg)
 # IceLineN = latitude of ice line in northern hemisphere (deg)

 # Case SEFF Obl XCO2 Tglob IceLineN IceLineS
0 1.56250E+00   0.0 280.  384.782  90.0 -90.0
1 1.46924E+00   0.0 280.  383.266  90.0 -90.0
2 1.38408E+00   0.0 280.  380.955  90.0 -90.0
3 1.30597E+00   0.0 280.  377.587  90.0 -90.0
4 1.23457E+00   0.0 280.  372.958  90.0 -90.0
5 1.16874E+00   0.0 280.  366.585  90.0 -90.0
6 1.10803E+00   0.0 280.  357.196  90.0 -90.0
7 1.05172E+00   0.0 280.  287.109  64.3 -64.3
8 1.00000E+00   0.0 280.  282.516  58.7 -58.7
9 6.40000E-01   0.0 280.  204.078  0 0

10 1.56250E+00  10.0 280.  385.584  90.0 -90.0
11 1.46924E+00  10.0 280.  384.109  90.0 -90.0
12 1.38408E+00  10.0 280.  381.899  90.0 -90.0
13 1.30597E+00  10.0 280.  378.829  90.0 -90.0
14 1.23457E+00  10.0 280.  374.333  90.0 -90.0
15 1.16874E+00  10.0 280.  367.718  90.0 -90.0
16 1.10803E+00  10.0 280.  358.089  90.0 -90.0
17 1.05172E+00  10.0 280.  287.096  65.8 -65.8
18 1.00000E+00  10.0 280.  282.487  59.5 -59.6
19 6.40000E-01  10.0 280.  204.055  0 0

20 1.56250E+00  20.0 280.  387.338  90.0 -90.0
21 1.46924E+00  20.0 280.  386.218  90.0 -90.0
22 1.38408E+00  20.0 280.  384.509  90.0 -90.0
23 1.30597E+00  20.0 280.  382.003  90.0 -90.0
24 1.23457E+00  20.0 280.  378.075  90.0 -90.0
25 1.16874E+00  20.0 280.  371.872  90.0 -90.0
26 1.10803E+00  20.0 280.  361.585  90.0 -90.0
27 1.05172E+00  20.0 280.  287.628  74.0 -74.0
28 1.00000E+00  20.0 280.  282.856  63.6 -63.6
29 6.40000E-01  20.0 280.  203.921  0 0

30 1.56250E+00  30.0 280.  388.766  90.0 -90.0
31 1.46924E+00  30.0 280.  388.335  90.0 -90.0
32 1.38408E+00  30.0 280.  387.466  90.0 -90.0
33 1.30597E+00  30.0 280.  385.994  90.0 -90.0
34 1.23457E+00  30.0 280.  383.450  90.0 -90.0
35 1.16874E+00  30.0 280.  378.969  90.0 -90.0
36 1.10803E+00  30.0 280.  369.727  90.0 -90.0
37 1.05172E+00  30.0 280.  288.366  90.0 -90.0
38 1.00000E+00  30.0 280.  284.390  90.0 -90.0
39 6.40000E-01  30.0 280.  203.655  0 0

40 1.56250E+00  40.0 280.  388.579  90.0 -90.0
41 1.46924E+00  40.0 280.  388.400  90.0 -90.0
42 1.38408E+00  40.0 280.  388.197  90.0 -90.0
43 1.30597E+00  40.0 280.  387.957  90.0 -90.0
44 1.23457E+00  40.0 280.  387.514  90.0 -90.0
45 1.16874E+00  40.0 280.  385.681  90.0 -90.0
46 1.10803E+00  40.0 280.  380.704  90.0 -90.0
47 1.05172E+00  40.0 280.  288.412  90.0 -90.0
48 1.00000E+00  40.0 280.  284.838  90.0 -90.0
49 6.40000E-01  40.0 280.  203.377  0 0

50 1.56250E+00  50.0 280.  388.338  90.0 -90.0
51 1.46924E+00  50.0 280.  388.144  90.0 -90.0
52 1.38408E+00  50.0 280.  387.925  90.0 -90.0
53 1.30597E+00  50.0 280.  387.680  90.0 -90.0
54 1.23457E+00  50.0 280.  387.399  90.0 -90.0
55 1.16874E+00  50.0 280.  387.067  90.0 -90.0
56 1.10803E+00  50.0 280.  386.656  90.0 -90.0
57 1.05172E+00  50.0 280.  288.515  90.0 -90.0
58 1.00000E+00  50.0 280.  285.012  90.0 -90.0
59 6.40000E-01  50.0 280.  203.929  0 0

60 1.56250E+00  60.0 280.  388.112  90.0 -90.0
61 1.46924E+00  60.0 280.  387.902  90.0 -90.0
62 1.38408E+00  60.0 280.  387.665  90.0 -90.0
63 1.30597E+00  60.0 280.  387.401  90.0 -90.0
64 1.23457E+00  60.0 280.  387.089  90.0 -90.0
65 1.16874E+00  60.0 280.  386.672  90.0 -90.0
66 1.10803E+00  60.0 280.  385.544  90.0 -90.0
67 1.05172E+00  60.0 280.  289.030  90.0 -90.0
68 1.00000E+00  60.0 280.  285.387  90.0 -90.0
69 6.40000E-01  60.0 280.  204.019  0 0

70 1.56250E+00  70.0 280.  387.918  90.0 -90.0
71 1.46924E+00  70.0 280.  387.693  90.0 -90.0
72 1.38408E+00  70.0 280.  387.437  90.0 -90.0
73 1.30597E+00  70.0 280.  387.123  90.0 -90.0
74 1.23457E+00  70.0 280.  386.690  90.0 -90.0
75 1.16874E+00  70.0 280.  385.350  90.0 -90.0
76 1.10803E+00  70.0 280.  373.457  90.0 -90.0
77 1.05172E+00  70.0 280.  290.040  90.0 -90.0
78 1.00000E+00  70.0 280.  285.959  90.0 -90.0
79 6.40000E-01  70.0 280.  204.159  0 0

80 1.56250E+00  80.0 280.  387.781  90.0 -90.0
81 1.46924E+00  80.0 280.  387.542  90.0 -90.0
82 1.38408E+00  80.0 280.  387.244  90.0 -90.0
83 1.30597E+00  80.0 280.  386.832  90.0 -90.0
84 1.23457E+00  80.0 280.  385.837  90.0 -90.0
85 1.16874E+00  80.0 280.  381.941  90.0 -90.0
86 1.10803E+00  80.0 280.  297.443  90.0 -90.0
87 1.05172E+00  80.0 280.  291.320  90.0 -90.0
88 1.00000E+00  80.0 280.  286.809  90.0 -90.0
89 6.40000E-01  80.0 280.  204.279  0 0

90 1.56250E+00  90.0 280.  387.736  90.0 -90.0
91 1.46924E+00  90.0 280.  387.480  90.0 -90.0
92 1.38408E+00  90.0 280.  387.155  90.0 -90.0
93 1.30597E+00  90.0 280.  386.650  90.0 -90.0
94 1.23457E+00  90.0 280.  385.200  90.0 -90.0
95 1.16874E+00  90.0 280.  380.290  90.0 -90.0
96 1.10803E+00  90.0 280.  298.851  90.0 -90.0
97 1.05172E+00  90.0 280.  291.940  90.0 -90.0
98 1.00000E+00  90.0 280.  287.271  90.0 -90.0
99 6.40000E-01  90.0 280.  204.367  0 0
