# Use this header for notes and global details
# Name of benchmark/experiment:
# Case number:
# Instellation (S_earth):
# XCO2 (ppm):
# Obliquity (degrees):

# Columns of data (annually averaged for last orbit)
# Lat = latitude (degrees)
# Tsurf = annually averaged surface temperature (K)
# Asurf = annually averaged surface albedo
# ATOA = annually averaged top-of-atmosphere/total/planetary albedo
# OLR = annually averaged outgoing longwave radiation (W m^-2)

# Lat Tsurf Asurf ATOA OLR
-83.380372 287.217207 0.268750 0.314033 233.450463
-78.521659 287.676371 0.268750 0.311820 234.410115
-75.164888 288.133828 0.267500 0.308934 235.366201
-72.427054 288.585806 0.267500 0.307081 236.310835
-70.051556 289.033717 0.267500 0.305307 237.246969
-67.921031 289.470499 0.266250 0.302382 238.159843
-65.970136 289.906938 0.265000 0.299785 239.072000
-64.158067 290.344220 0.265000 0.298153 239.985920
-62.457325 290.779565 0.265000 0.296563 240.895791
-60.848336 291.204979 0.263750 0.293766 241.784906
-59.316583 291.633102 0.262500 0.291313 242.679683
-57.850948 292.062426 0.262500 0.289819 243.576970
-56.442690 292.486884 0.261250 0.287103 244.464088
-55.084794 292.905665 0.261250 0.285666 245.339340
-53.771523 293.329524 0.260000 0.283327 246.225205
-52.498117 293.751693 0.258750 0.280687 247.107538
-51.260575 294.162193 0.258750 0.279331 247.965483
-50.055495 294.579911 0.257500 0.277068 248.838514
-48.879952 294.992945 0.256250 0.274509 249.701755
-47.731416 295.399478 0.256250 0.273229 250.551409
-46.607672 295.808589 0.256250 0.271978 251.406451
-45.506776 296.208536 0.253750 0.268554 252.242340
-44.427004 296.608050 0.253750 0.267347 253.077325
-43.366822 297.004951 0.253750 0.266168 253.906848
-42.324857 297.390027 0.251250 0.262818 254.711656
-41.299873 297.776932 0.251250 0.261681 255.520288
-40.290752 298.152338 0.250000 0.259333 256.304886
-39.296480 298.527571 0.248750 0.257294 257.089123
-38.316134 298.892431 0.247500 0.255002 257.851681
-37.348870 299.254731 0.247500 0.253953 258.608888
-36.393910 299.608225 0.245000 0.250772 259.347690
-35.450543 299.957221 0.245000 0.249764 260.077092
-34.518108 300.295875 0.242500 0.246638 260.784879
-33.595995 300.632713 0.241250 0.244506 261.488870
-32.683639 300.957908 0.240000 0.242594 262.168528
-31.780510 301.276600 0.238750 0.240517 262.834594
-30.886118 301.588619 0.236250 0.237511 263.486714
-30.000000 301.892590 0.233750 0.234537 264.122013
-29.121726 302.188565 0.230000 0.230528 264.740601
-28.250889 302.476642 0.225000 0.225572 265.342682
-27.387108 302.758396 0.225000 0.224696 265.931548
-26.530021 303.031950 0.225000 0.223845 266.503276
-25.679289 303.297310 0.225000 0.223019 267.057878
-24.834587 303.554482 0.225000 0.222218 267.595367
-23.995611 303.803473 0.225000 0.221442 268.115759
-23.162069 304.044291 0.225000 0.220692 268.619068
-22.333683 304.276946 0.225000 0.219966 269.105317
-21.510188 304.501447 0.225000 0.219265 269.574524
-20.691333 304.717805 0.225000 0.218589 270.026712
-19.876874 304.926031 0.225000 0.217938 270.461905
-19.066580 305.126135 0.225000 0.217313 270.880122
-18.260228 305.318128 0.225000 0.216712 271.281388
-17.457603 305.502024 0.225000 0.216136 271.665730
-16.658499 305.677832 0.225000 0.215586 272.033169
-15.862716 305.845564 0.225000 0.215060 272.383729
-15.070062 306.005231 0.225000 0.214560 272.717433
-14.280350 306.156845 0.225000 0.214084 273.034306
-13.493399 306.300415 0.225000 0.213634 273.334367
-12.709033 306.435954 0.225000 0.213208 273.617644
-11.927082 306.563469 0.225000 0.212808 273.884150
-11.147378 306.682972 0.225000 0.212432 274.133911
-10.369760 306.794472 0.225000 0.212082 274.366946
-9.594068 306.897977 0.225000 0.211757 274.583272
-8.820148 306.993495 0.225000 0.211457 274.782905
-8.047846 307.081034 0.225000 0.211181 274.965861
-7.277014 307.160602 0.225000 0.210931 275.132158
-6.507504 307.232204 0.225000 0.210706 275.281806
-5.739170 307.295848 0.225000 0.210506 275.414822
-4.971872 307.351537 0.225000 0.210330 275.531212
-4.205466 307.399278 0.225000 0.210180 275.630991
-3.439813 307.439073 0.225000 0.210055 275.714163
-2.674774 307.470927 0.225000 0.209955 275.780737
-1.910213 307.494842 0.225000 0.209880 275.830720
-1.145992 307.510819 0.225000 0.209830 275.864112
-0.381975 307.518862 0.225000 0.209805 275.880922
0.381975 307.518969 0.225000 0.209805 275.881145
1.145992 307.511142 0.225000 0.209830 275.864787
1.910213 307.495379 0.225000 0.209880 275.831842
2.674774 307.471680 0.225000 0.209956 275.782311
3.439813 307.440041 0.225000 0.210056 275.716186
4.205466 307.400461 0.225000 0.210181 275.633463
4.971872 307.352936 0.225000 0.210331 275.534136
5.739170 307.297462 0.225000 0.210506 275.418196
6.507504 307.234035 0.225000 0.210707 275.285633
7.277014 307.162648 0.225000 0.210932 275.136434
8.047846 307.083297 0.225000 0.211182 274.970591
8.820148 306.995974 0.225000 0.211458 274.788086
9.594068 306.900673 0.225000 0.211758 274.588907
10.369760 306.797385 0.225000 0.212084 274.373035
11.147378 306.686103 0.225000 0.212434 274.140455
11.927082 306.566818 0.225000 0.212810 273.891150
12.709033 306.439520 0.225000 0.213210 273.625097
13.493399 306.304201 0.225000 0.213636 273.342280
14.280350 306.160849 0.225000 0.214086 273.042674
15.070062 306.009455 0.225000 0.214562 272.726261
15.862716 305.850008 0.225000 0.215063 272.393017
16.658499 305.682497 0.225000 0.215588 272.042919
17.457603 305.506910 0.225000 0.216139 271.675942
18.260228 305.323237 0.225000 0.216715 271.292065
19.066580 305.131465 0.225000 0.217315 270.891262
19.876874 304.931584 0.225000 0.217941 270.473511
20.691333 304.723583 0.225000 0.218592 270.038788
21.510188 304.507449 0.225000 0.219268 269.587068
22.333683 304.283173 0.225000 0.219969 269.118332
23.162069 304.050744 0.225000 0.220695 268.632555
23.995611 303.810152 0.225000 0.221446 268.129718
24.834587 303.561389 0.225000 0.222221 267.609803
25.679289 303.304445 0.225000 0.223022 267.072790
26.530021 303.039314 0.225000 0.223848 266.518666
27.387108 302.765989 0.225000 0.224700 265.947417
28.250889 302.484467 0.225000 0.225576 265.359036
29.121726 302.196599 0.230000 0.230531 264.757392
30.000000 301.900890 0.233750 0.234541 264.139360
30.886118 301.597116 0.236250 0.237515 263.504472
31.780510 301.285332 0.238750 0.240521 262.852844
32.683639 300.966914 0.240000 0.242598 262.187350
33.595995 300.641917 0.241250 0.244508 261.508107
34.518108 300.305357 0.242500 0.246640 260.804696
35.450543 299.966944 0.245000 0.249767 260.097413
36.393910 299.618143 0.245000 0.250775 259.368419
37.348870 299.264934 0.247500 0.253956 258.630212
38.316134 298.902817 0.247500 0.255005 257.873388
39.296480 298.538261 0.248750 0.257297 257.111465
40.290752 298.163211 0.250000 0.259336 256.327611
41.299873 297.788115 0.251250 0.261685 255.543660
42.324857 297.401458 0.251250 0.262821 254.735547
43.366822 297.016633 0.253750 0.266171 253.931263
44.427004 296.619981 0.253750 0.267351 253.102260
45.506776 296.220650 0.253750 0.268558 252.267659
46.607672 295.821025 0.256250 0.271982 251.432442
47.731416 295.412168 0.256250 0.273233 250.577931
48.879952 295.005819 0.256250 0.274513 249.728662
50.055495 294.593116 0.257500 0.277072 248.866112
51.260575 294.175656 0.258750 0.279335 247.993621
52.498117 293.765359 0.258750 0.280692 247.136100
53.771523 293.343510 0.260000 0.283331 246.254436
55.084794 292.919914 0.261250 0.285670 245.369120
56.442690 292.501320 0.261250 0.287107 244.494259
57.850948 292.077209 0.262500 0.289824 243.607867
59.316583 291.648153 0.262500 0.291317 242.711140
60.848336 291.220221 0.263750 0.293771 241.816762
62.457325 290.795161 0.265000 0.296568 240.928386
64.158067 290.360090 0.265000 0.298157 240.019088
65.970136 289.923084 0.265000 0.299789 239.105746
67.921031 289.486845 0.266250 0.302387 238.194006
70.051556 289.050428 0.267500 0.305312 237.281895
72.427054 288.602799 0.267500 0.307085 236.346350
75.164888 288.151104 0.267500 0.308938 235.402307
78.521659 287.693931 0.268750 0.311824 234.446816
83.380372 287.234974 0.268750 0.314037 233.487596
