# Name of benchmark/experiment: FILLET Experiment 2 (cold start)
# Model: AVALON (Albedo-feedback Variable Axial-tilt Latitudinal Outgoing-Net EBM)
# Ice line definition: latitude where annual-mean surface temperature crosses -10.0 °C
# Ice-free convention: NMaxLand=NMinLand=NMaxSea=NMinSea=90; SMaxLand=SMinLand=SMaxSea=SMinSea=-90
# Case Inst Obl XCO2 Tglob IceLineNMaxLand IceLineNMinLand IceLineNMaxSea IceLineNMinSea IceLineSMaxLand IceLineSMinLand IceLineSMaxSea IceLineSMinSea Diff OLRglob
0 1.05 0.0 280.0 238.71909243123315 90.0 0.0 90.0 0.0 0.0 -90.0 0.0 -90.0 0.5 141.13818486246637
1 1.075 0.0 280.0 240.3993644944572 90.0 0.0 90.0 0.0 0.0 -90.0 0.0 -90.0 0.5 144.4987289889144
2 1.1 0.0 280.0 242.07955203416802 90.0 0.0 90.0 0.0 0.0 -90.0 0.0 -90.0 0.5 147.85910406833608
3 1.125 0.0 280.0 243.75983056742555 90.0 0.0 90.0 0.0 0.0 -90.0 0.0 -90.0 0.5 151.21966113485118
4 1.15 0.0 280.0 245.44002552529048 90.0 0.0 90.0 0.0 0.0 -90.0 0.0 -90.0 0.5 154.58005105058095
5 1.175 0.0 280.0 247.12022048315535 90.0 0.0 90.0 0.0 0.0 -90.0 0.0 -90.0 0.5 157.94044096631075
6 1.2 0.0 280.0 248.80050754041557 90.0 0.0 90.0 0.0 0.0 -90.0 0.0 -90.0 0.5 161.30101508083118
7 1.225 0.0 280.0 250.4807085311239 90.0 0.0 90.0 0.0 0.0 -90.0 0.0 -90.0 0.5 164.66141706224784
8 1.25 0.0 280.0 252.16090952183217 90.0 0.0 90.0 0.0 0.0 -90.0 0.0 -90.0 0.5 168.02181904366438
9 1.275 0.0 280.0 334.17697854500386 90.0 90.0 90.0 90.0 -90.0 -90.0 -90.0 -90.0 0.5 332.05395709000766
10 1.3 0.0 280.0 337.43244868047304 90.0 90.0 90.0 90.0 -90.0 -90.0 -90.0 -90.0 0.5 338.56489736094613
11 1.325 0.0 280.0 340.6878626760967 90.0 90.0 90.0 90.0 -90.0 -90.0 -90.0 -90.0 0.5 345.07572535219344
12 1.35 0.0 280.0 343.94331307215333 90.0 90.0 90.0 90.0 -90.0 -90.0 -90.0 -90.0 0.5 351.58662614430676
13 1.375 0.0 280.0 347.1988240454469 90.0 90.0 90.0 90.0 -90.0 -90.0 -90.0 -90.0 0.5 358.0976480908939
14 1.4 0.0 280.0 350.45422928815105 90.0 90.0 90.0 90.0 -90.0 -90.0 -90.0 -90.0 0.5 364.60845857630216
15 1.425 0.0 280.0 353.70961936970536 90.0 90.0 90.0 90.0 -90.0 -90.0 -90.0 -90.0 0.5 371.1192387394109
16 1.45 0.0 280.0 356.9650949023817 90.0 90.0 90.0 90.0 -90.0 -90.0 -90.0 -90.0 0.5 377.6301898047633
17 1.475 0.0 280.0 360.220560958501 90.0 90.0 90.0 90.0 -90.0 -90.0 -90.0 -90.0 0.5 384.14112191700195
18 1.5 0.0 280.0 363.4760208045981 90.0 90.0 90.0 90.0 -90.0 -90.0 -90.0 -90.0 0.5 390.6520416091962
19 1.05 10.0 280.0 238.96646427635358 90.0 0.0 90.0 0.0 0.0 -90.0 0.0 -90.0 0.5 141.63292855270723
20 1.075 10.0 280.0 240.65262753198957 90.0 0.0 90.0 0.0 0.0 -90.0 0.0 -90.0 0.5 145.00525506397915
21 1.1 10.0 280.0 242.33870490978254 90.0 0.0 90.0 0.0 0.0 -90.0 0.0 -90.0 0.5 148.37740981956512
22 1.125 10.0 280.0 244.02487446120875 90.0 0.0 90.0 0.0 0.0 -90.0 0.0 -90.0 0.5 151.74974892241755
23 1.15 10.0 280.0 245.71095928337994 90.0 0.0 90.0 0.0 0.0 -90.0 0.0 -90.0 0.5 155.12191856675994
24 1.175 10.0 280.0 247.39704410555112 90.0 0.0 90.0 0.0 0.0 -90.0 0.0 -90.0 0.5 158.4940882111023
25 1.2 10.0 280.0 249.08322205080842 90.0 0.0 90.0 0.0 0.0 -90.0 0.0 -90.0 0.5 161.86644410161688
26 1.225 10.0 280.0 250.76931292714988 90.0 0.0 90.0 0.0 0.0 -90.0 0.0 -90.0 0.5 165.23862585429984
27 1.25 10.0 280.0 252.45540380349138 90.0 0.0 90.0 0.0 0.0 -90.0 0.0 -90.0 0.5 168.61080760698277
28 1.275 10.0 280.0 334.75906681417246 90.0 90.0 90.0 90.0 -90.0 -90.0 -90.0 -90.0 0.5 333.21813362834496
29 1.3 10.0 280.0 338.0259076699009 90.0 90.0 90.0 90.0 -90.0 -90.0 -90.0 -90.0 0.5 339.7518153398019
30 1.325 10.0 280.0 341.29274834112374 90.0 90.0 90.0 90.0 -90.0 -90.0 -90.0 -90.0 0.5 346.28549668224747
31 1.35 10.0 280.0 344.55961733840047 90.0 90.0 90.0 90.0 -90.0 -90.0 -90.0 -90.0 0.5 352.81923467680093
32 1.375 10.0 280.0 347.82645592966304 90.0 90.0 90.0 90.0 -90.0 -90.0 -90.0 -90.0 0.5 359.3529118593262
33 1.4 10.0 280.0 351.0932757923177 90.0 90.0 90.0 90.0 -90.0 -90.0 -90.0 -90.0 0.5 365.8865515846354
34 1.425 10.0 280.0 354.3601685077618 90.0 90.0 90.0 90.0 -90.0 -90.0 -90.0 -90.0 0.5 372.42033701552356
35 1.45 10.0 280.0 357.6269663218557 90.0 90.0 90.0 90.0 -90.0 -90.0 -90.0 -90.0 0.5 378.9539326437114
36 1.475 10.0 280.0 360.89384627671416 90.0 90.0 90.0 90.0 -90.0 -90.0 -90.0 -90.0 0.5 385.4876925534284
37 1.5 10.0 280.0 364.16071946260183 90.0 90.0 90.0 90.0 -90.0 -90.0 -90.0 -90.0 0.5 392.02143892520365
38 1.05 20.0 280.0 239.13198470053598 90.0 0.0 90.0 0.0 0.0 -90.0 0.0 -90.0 0.5 141.96396940107198
39 1.075 20.0 280.0 240.8220898464184 90.0 0.0 90.0 0.0 0.0 -90.0 0.0 -90.0 0.5 145.34417969283683
40 1.1 20.0 280.0 242.51210820826785 90.0 0.0 90.0 0.0 0.0 -90.0 0.0 -90.0 0.5 148.72421641653577
41 1.125 20.0 280.0 244.2022195333534 90.0 0.0 90.0 0.0 0.0 -90.0 0.0 -90.0 0.5 152.1044390667068
42 1.15 20.0 280.0 245.89224535712776 90.0 0.0 90.0 0.0 0.0 -90.0 0.0 -90.0 0.5 155.48449071425557
43 1.175 20.0 280.0 247.58227118090218 90.0 0.0 90.0 0.0 0.0 -90.0 0.0 -90.0 0.5 158.8645423618044
44 1.2 20.0 280.0 249.27239081272015 90.0 0.0 90.0 0.0 0.0 -90.0 0.0 -90.0 0.5 162.24478162544034
45 1.225 20.0 280.0 250.9624227049348 90.0 0.0 90.0 0.0 0.0 -90.0 0.0 -90.0 0.5 165.62484540986966
46 1.25 20.0 280.0 252.65245459714944 90.0 0.0 90.0 0.0 0.0 -90.0 0.0 -90.0 0.5 169.0049091942989
47 1.275 20.0 280.0 335.1484521315629 90.0 90.0 90.0 90.0 -90.0 -90.0 -90.0 -90.0 0.5 333.9969042631258
48 1.3 20.0 280.0 338.4229756009519 90.0 90.0 90.0 90.0 -90.0 -90.0 -90.0 -90.0 0.5 340.5459512019039
49 1.325 20.0 280.0 341.69742941245636 90.0 90.0 90.0 90.0 -90.0 -90.0 -90.0 -90.0 0.5 347.0948588249127
50 1.35 20.0 280.0 344.9718738114017 90.0 90.0 90.0 90.0 -90.0 -90.0 -90.0 -90.0 0.5 353.6437476228035
51 1.375 20.0 280.0 348.2463651937693 90.0 90.0 90.0 90.0 -90.0 -90.0 -90.0 -90.0 0.5 360.1927303875387
52 1.4 20.0 280.0 351.5209227998031 90.0 90.0 90.0 90.0 -90.0 -90.0 -90.0 -90.0 0.5 366.74184559960617
53 1.425 20.0 280.0 354.7953723905073 90.0 90.0 90.0 90.0 -90.0 -90.0 -90.0 -90.0 0.5 373.29074478101467
54 1.45 20.0 280.0 358.0699004652089 90.0 90.0 90.0 90.0 -90.0 -90.0 -90.0 -90.0 0.5 379.8398009304179
55 1.475 20.0 280.0 361.3443305628608 90.0 90.0 90.0 90.0 -90.0 -90.0 -90.0 -90.0 0.5 386.3886611257216
56 1.5 20.0 280.0 364.61884533705944 90.0 90.0 90.0 90.0 -90.0 -90.0 -90.0 -90.0 0.5 392.937690674119
57 1.05 30.0 280.0 239.28987066563502 90.0 0.0 90.0 0.0 0.0 -90.0 0.0 -90.0 0.5 142.2797413312701
58 1.075 30.0 280.0 240.98373588613342 90.0 0.0 90.0 0.0 0.0 -90.0 0.0 -90.0 0.5 145.66747177226685
59 1.1 30.0 280.0 242.6775134582088 90.0 0.0 90.0 0.0 0.0 -90.0 0.0 -90.0 0.5 149.05502691641763
60 1.125 30.0 280.0 244.37138474670093 90.0 0.0 90.0 0.0 0.0 -90.0 0.0 -90.0 0.5 152.4427694934019
61 1.15 30.0 280.0 246.0651697974386 90.0 0.0 90.0 0.0 0.0 -90.0 0.0 -90.0 0.5 155.8303395948773
62 1.175 30.0 280.0 247.7589548481763 90.0 0.0 90.0 0.0 0.0 -90.0 0.0 -90.0 0.5 159.2179096963526
63 1.2 30.0 280.0 249.45283436031988 90.0 0.0 90.0 0.0 0.0 -90.0 0.0 -90.0 0.5 162.60566872063987
64 1.225 30.0 280.0 251.14662549310952 90.0 0.0 90.0 0.0 0.0 -90.0 0.0 -90.0 0.5 165.99325098621912
65 1.25 30.0 280.0 252.84041662589917 90.0 0.0 90.0 0.0 0.0 -90.0 0.0 -90.0 0.5 169.38083325179835
66 1.275 30.0 280.0 254.53429941856336 90.0 0.0 90.0 0.0 0.0 -90.0 0.0 -90.0 0.5 172.76859883712677
67 1.3 30.0 280.0 338.8017029415308 90.0 90.0 90.0 90.0 -90.0 -90.0 -90.0 -90.0 0.5 341.30340588306154
68 1.325 30.0 280.0 342.08347648105945 90.0 90.0 90.0 90.0 -90.0 -90.0 -90.0 -90.0 0.5 347.8669529621189
69 1.35 30.0 280.0 345.36522729572056 90.0 90.0 90.0 90.0 -90.0 -90.0 -90.0 -90.0 0.5 354.4304545914412
70 1.375 30.0 280.0 348.64704201389355 90.0 90.0 90.0 90.0 -90.0 -90.0 -90.0 -90.0 0.5 360.99408402778715
71 1.4 30.0 280.0 351.92881585512407 90.0 90.0 90.0 90.0 -90.0 -90.0 -90.0 -90.0 0.5 367.5576317102482
72 1.425 30.0 280.0 355.2105603717256 90.0 90.0 90.0 90.0 -90.0 -90.0 -90.0 -90.0 0.5 374.1211207434512
73 1.45 30.0 280.0 358.49230031731076 90.0 90.0 90.0 90.0 -90.0 -90.0 -90.0 -90.0 0.5 380.6846006346216
74 1.475 30.0 280.0 361.7741102683718 90.0 90.0 90.0 90.0 -90.0 -90.0 -90.0 -90.0 0.5 387.2482205367437
75 1.5 30.0 280.0 365.05582152323757 90.0 90.0 90.0 90.0 -90.0 -90.0 -90.0 -90.0 0.5 393.8116430464752
76 1.05 40.0 280.0 239.43116811321454 90.0 0.0 90.0 0.0 0.0 -90.0 0.0 -90.0 0.5 142.56233622642912
77 1.075 40.0 280.0 241.1283983506441 90.0 0.0 90.0 0.0 0.0 -90.0 0.0 -90.0 0.5 145.95679670128823
78 1.1 40.0 280.0 242.82554016608017 90.0 0.0 90.0 0.0 0.0 -90.0 0.0 -90.0 0.5 149.3510803321604
79 1.125 40.0 280.0 244.52277637197864 90.0 0.0 90.0 0.0 0.0 -90.0 0.0 -90.0 0.5 152.74555274395735
80 1.15 40.0 280.0 246.21992568105583 90.0 0.0 90.0 0.0 0.0 -90.0 0.0 -90.0 0.5 156.13985136211173
81 1.175 40.0 280.0 247.91707499013302 90.0 0.0 90.0 0.0 0.0 -90.0 0.0 -90.0 0.5 159.53414998026605
82 1.2 40.0 280.0 249.6143193453311 90.0 0.0 90.0 0.0 0.0 -90.0 0.0 -90.0 0.5 162.9286386906622
83 1.225 40.0 280.0 251.31147474864179 90.0 0.0 90.0 0.0 0.0 -90.0 0.0 -90.0 0.5 166.32294949728364
84 1.25 40.0 280.0 253.0086301519525 90.0 0.0 90.0 0.0 0.0 -90.0 0.0 -90.0 0.5 169.71726030390502
85 1.275 40.0 280.0 254.70587772037968 90.0 0.0 90.0 0.0 0.0 -90.0 0.0 -90.0 0.5 173.1117554407594
86 1.3 40.0 280.0 256.4030380798501 90.0 0.0 90.0 0.0 0.0 -90.0 0.0 -90.0 0.5 176.50607615970026
87 1.325 40.0 280.0 258.10019843932054 90.0 0.0 90.0 0.0 0.0 -90.0 0.0 -90.0 0.5 179.90039687864117
88 1.35 40.0 280.0 345.7172136724637 90.0 90.0 90.0 90.0 -90.0 -90.0 -90.0 -90.0 0.5 355.1344273449275
89 1.375 40.0 280.0 349.00553729961274 90.0 90.0 90.0 90.0 -90.0 -90.0 -90.0 -90.0 0.5 361.7110745992256
90 1.4 40.0 280.0 352.293787819571 90.0 90.0 90.0 90.0 -90.0 -90.0 -90.0 -90.0 0.5 368.28757563914195
91 1.425 40.0 280.0 355.5821021171324 90.0 90.0 90.0 90.0 -90.0 -90.0 -90.0 -90.0 0.5 374.86420423426495
92 1.45 40.0 280.0 358.8703599438306 90.0 90.0 90.0 90.0 -90.0 -90.0 -90.0 -90.0 0.5 381.44071988766115
93 1.475 40.0 280.0 362.1587140295045 90.0 90.0 90.0 90.0 -90.0 -90.0 -90.0 -90.0 0.5 388.017428059009
94 1.5 40.0 280.0 365.4469582227048 90.0 90.0 90.0 90.0 -90.0 -90.0 -90.0 -90.0 0.5 394.59391644540966
95 1.05 50.0 280.0 239.55305718856954 90.0 0.0 90.0 0.0 0.0 -90.0 0.0 -90.0 0.5 142.80611437713912
96 1.075 50.0 280.0 241.25319023004403 90.0 0.0 90.0 0.0 0.0 -90.0 0.0 -90.0 0.5 146.20638046008804
97 1.1 50.0 280.0 242.95323418221034 90.0 0.0 90.0 0.0 0.0 -90.0 0.0 -90.0 0.5 149.6064683644207
98 1.125 50.0 280.0 244.65337310629937 90.0 0.0 90.0 0.0 0.0 -90.0 0.0 -90.0 0.5 153.00674621259878
99 1.15 50.0 280.0 246.35342456502815 90.0 0.0 90.0 0.0 0.0 -90.0 0.0 -90.0 0.5 156.40684913005632
100 1.175 50.0 280.0 248.05356546953587 90.0 0.0 90.0 0.0 0.0 -90.0 0.0 -90.0 0.5 159.8071309390718
101 1.2 50.0 280.0 249.7536230330065 90.0 0.0 90.0 0.0 0.0 -90.0 0.0 -90.0 0.5 163.20724606601303
102 1.225 50.0 280.0 251.45368059647708 90.0 0.0 90.0 0.0 0.0 -90.0 0.0 -90.0 0.5 166.60736119295424
103 1.25 50.0 280.0 253.1537381599477 90.0 0.0 90.0 0.0 0.0 -90.0 0.0 -90.0 0.5 170.00747631989543
104 1.275 50.0 280.0 254.85388832437786 90.0 0.0 90.0 0.0 0.0 -90.0 0.0 -90.0 0.5 173.40777664875577
105 1.3 50.0 280.0 256.5539508525541 90.0 0.0 90.0 0.0 0.0 -90.0 0.0 -90.0 0.5 176.80790170510835
106 1.325 50.0 280.0 258.25401338073044 90.0 0.0 90.0 0.0 0.0 -90.0 0.0 -90.0 0.5 180.20802676146099
107 1.35 50.0 280.0 259.95407590890676 90.0 0.0 90.0 0.0 0.0 -90.0 0.0 -90.0 0.5 183.6081518178135
108 1.375 50.0 280.0 349.3147862940512 90.0 90.0 90.0 90.0 -90.0 -90.0 -90.0 -90.0 0.5 362.3295725881025
109 1.4 50.0 280.0 352.60872567319495 90.0 90.0 90.0 90.0 -90.0 -90.0 -90.0 -90.0 0.5 368.91745134638984
110 1.425 50.0 280.0 355.90264311255714 90.0 90.0 90.0 90.0 -90.0 -90.0 -90.0 -90.0 0.5 375.50528622511433
111 1.45 50.0 280.0 359.1965034056402 90.0 90.0 90.0 90.0 -90.0 -90.0 -90.0 -90.0 0.5 382.0930068112805
112 1.475 50.0 280.0 362.4904045045233 90.0 90.0 90.0 90.0 -90.0 -90.0 -90.0 -90.0 0.5 388.6808090090465
113 1.5 50.0 280.0 365.78437929911826 90.0 90.0 90.0 90.0 -90.0 -90.0 -90.0 -90.0 0.5 395.2687585982366
114 1.05 60.0 280.0 239.6521722489788 90.0 0.0 90.0 0.0 0.0 -90.0 0.0 -90.0 0.5 143.0043444979576
115 1.075 60.0 280.0 241.3545739623618 90.0 0.0 90.0 0.0 0.0 -90.0 0.0 -90.0 0.5 146.40914792472364
116 1.1 60.0 280.0 243.0569756757448 90.0 0.0 90.0 0.0 0.0 -90.0 0.0 -90.0 0.5 149.8139513514897
117 1.125 60.0 280.0 244.75947283344192 90.0 0.0 90.0 0.0 0.0 -90.0 0.0 -90.0 0.5 153.2189456668839
118 1.15 60.0 280.0 246.46188206388496 90.0 0.0 90.0 0.0 0.0 -90.0 0.0 -90.0 0.5 156.62376412777
119 1.175 60.0 280.0 248.16438114135553 90.0 0.0 90.0 0.0 0.0 -90.0 0.0 -90.0 0.5 160.02876228271117
120 1.2 60.0 280.0 249.86679648507763 90.0 0.0 90.0 0.0 0.0 -90.0 0.0 -90.0 0.5 163.4335929701553
121 1.225 60.0 280.0 251.56921182879972 90.0 0.0 90.0 0.0 0.0 -90.0 0.0 -90.0 0.5 166.83842365759952
122 1.25 60.0 280.0 253.27162717252182 90.0 0.0 90.0 0.0 0.0 -90.0 0.0 -90.0 0.5 170.24325434504368
123 1.275 60.0 280.0 336.37214543794676 90.0 90.0 90.0 90.0 -90.0 -90.0 -90.0 -90.0 0.5 336.44429087589367
124 1.3 60.0 280.0 339.67058327311025 90.0 90.0 90.0 90.0 -90.0 -90.0 -90.0 -90.0 0.5 343.04116654622055
125 1.325 60.0 280.0 342.9690500019014 90.0 90.0 90.0 90.0 -90.0 -90.0 -90.0 -90.0 0.5 349.63810000380283
126 1.35 60.0 280.0 346.2675166417389 90.0 90.0 90.0 90.0 -90.0 -90.0 -90.0 -90.0 0.5 356.23503328347783
127 1.375 60.0 280.0 349.5660797340432 90.0 90.0 90.0 90.0 -90.0 -90.0 -90.0 -90.0 0.5 362.8321594680865
128 1.4 60.0 280.0 352.86450346194454 90.0 90.0 90.0 90.0 -90.0 -90.0 -90.0 -90.0 0.5 369.4290069238892
129 1.425 60.0 280.0 356.16298170383936 90.0 90.0 90.0 90.0 -90.0 -90.0 -90.0 -90.0 0.5 376.0259634076787
130 1.45 60.0 280.0 359.46144221349 90.0 90.0 90.0 90.0 -90.0 -90.0 -90.0 -90.0 0.5 382.62288442697997
131 1.475 60.0 280.0 362.7599806313698 90.0 90.0 90.0 90.0 -90.0 -90.0 -90.0 -90.0 0.5 389.2199612627397
132 1.5 60.0 280.0 366.0584144563324 90.0 90.0 90.0 90.0 -90.0 -90.0 -90.0 -90.0 0.5 395.8168289126648
133 1.05 70.0 280.0 239.72513827743035 90.0 0.0 90.0 0.0 0.0 -90.0 0.0 -90.0 0.5 143.1502765548608
134 1.075 70.0 280.0 241.4292772772051 90.0 0.0 90.0 0.0 0.0 -90.0 0.0 -90.0 0.5 146.55855455441022
135 1.1 70.0 280.0 243.13341627697983 90.0 0.0 90.0 0.0 0.0 -90.0 0.0 -90.0 0.5 149.96683255395973
136 1.125 70.0 280.0 244.83765106914416 90.0 0.0 90.0 0.0 0.0 -90.0 0.0 -90.0 0.5 153.37530213828836
137 1.15 70.0 280.0 246.54179759371388 90.0 0.0 90.0 0.0 0.0 -90.0 0.0 -90.0 0.5 156.78359518742786
138 1.175 70.0 280.0 248.24603426096607 90.0 0.0 90.0 0.0 0.0 -90.0 0.0 -90.0 0.5 160.1920685219322
139 1.2 70.0 280.0 249.9501869051054 90.0 0.0 90.0 0.0 0.0 -90.0 0.0 -90.0 0.5 163.60037381021087
140 1.225 70.0 280.0 329.94012566136126 90.0 90.0 90.0 90.0 -90.0 -90.0 -90.0 -90.0 0.5 323.5802513227226
141 1.25 70.0 280.0 333.2419607575469 90.0 90.0 90.0 90.0 -90.0 -90.0 -90.0 -90.0 0.5 330.18392151509374
142 1.275 70.0 280.0 336.54375580927297 90.0 90.0 90.0 90.0 -90.0 -90.0 -90.0 -90.0 0.5 336.78751161854603
143 1.3 70.0 280.0 339.8456647902683 90.0 90.0 90.0 90.0 -90.0 -90.0 -90.0 -90.0 0.5 343.3913295805367
144 1.325 70.0 280.0 343.1474969796725 90.0 90.0 90.0 90.0 -90.0 -90.0 -90.0 -90.0 0.5 349.9949939593451
145 1.35 70.0 280.0 346.4492878834516 90.0 90.0 90.0 90.0 -90.0 -90.0 -90.0 -90.0 0.5 356.5985757669032
146 1.375 70.0 280.0 349.75113474208456 90.0 90.0 90.0 90.0 -90.0 -90.0 -90.0 -90.0 0.5 363.2022694841691
147 1.4 70.0 280.0 353.05305051318356 90.0 90.0 90.0 90.0 -90.0 -90.0 -90.0 -90.0 0.5 369.8061010263672
148 1.425 70.0 280.0 356.3548647294764 90.0 90.0 90.0 90.0 -90.0 -90.0 -90.0 -90.0 0.5 376.4097294589527
149 1.45 70.0 280.0 359.6567560279881 90.0 90.0 90.0 90.0 -90.0 -90.0 -90.0 -90.0 0.5 383.0135120559762
150 1.475 70.0 280.0 362.95855540979375 90.0 90.0 90.0 90.0 -90.0 -90.0 -90.0 -90.0 0.5 389.61711081958754
151 1.5 70.0 280.0 366.26042960398763 90.0 90.0 90.0 90.0 -90.0 -90.0 -90.0 -90.0 0.5 396.22085920797537
152 1.05 80.0 280.0 239.76951585725328 90.0 0.0 90.0 0.0 0.0 -90.0 0.0 -90.0 0.5 143.2390317145066
153 1.075 80.0 280.0 241.47471146607143 90.0 0.0 90.0 0.0 0.0 -90.0 0.0 -90.0 0.5 146.6494229321429
154 1.1 80.0 280.0 243.17990707488954 90.0 0.0 90.0 0.0 0.0 -90.0 0.0 -90.0 0.5 150.0598141497791
155 1.125 80.0 280.0 244.8851986877947 90.0 0.0 90.0 0.0 0.0 -90.0 0.0 -90.0 0.5 153.47039737558944
156 1.15 80.0 280.0 246.59040182611224 90.0 0.0 90.0 0.0 0.0 -90.0 0.0 -90.0 0.5 156.88080365222453
157 1.175 80.0 280.0 248.2956952869277 90.0 0.0 90.0 0.0 0.0 -90.0 0.0 -90.0 0.5 160.2913905738554
158 1.2 80.0 280.0 326.7365502395424 90.0 90.0 90.0 90.0 -90.0 -90.0 -90.0 -90.0 0.5 317.17310047908484
159 1.225 80.0 280.0 330.04037343499107 90.0 90.0 90.0 90.0 -90.0 -90.0 -90.0 -90.0 0.5 323.7807468699821
160 1.25 80.0 280.0 333.3443221567495 90.0 90.0 90.0 90.0 -90.0 -90.0 -90.0 -90.0 0.5 330.388644313499
161 1.275 80.0 280.0 336.6481739494801 90.0 90.0 90.0 90.0 -90.0 -90.0 -90.0 -90.0 0.5 336.99634789896027
162 1.3 80.0 280.0 339.9521191190348 90.0 90.0 90.0 90.0 -90.0 -90.0 -90.0 -90.0 0.5 343.60423823806957
163 1.325 80.0 280.0 343.25596089520235 90.0 90.0 90.0 90.0 -90.0 -90.0 -90.0 -90.0 0.5 350.2119217904047
164 1.35 80.0 280.0 346.55984906505785 90.0 90.0 90.0 90.0 -90.0 -90.0 -90.0 -90.0 0.5 356.8196981301157
165 1.375 80.0 280.0 349.8638043933722 90.0 90.0 90.0 90.0 -90.0 -90.0 -90.0 -90.0 0.5 363.42760878674454
166 1.4 80.0 280.0 353.1676713146767 90.0 90.0 90.0 90.0 -90.0 -90.0 -90.0 -90.0 0.5 370.0353426293534
167 1.425 80.0 280.0 356.47151570077074 90.0 90.0 90.0 90.0 -90.0 -90.0 -90.0 -90.0 0.5 376.6430314015416
168 1.45 80.0 280.0 359.77544968871774 90.0 90.0 90.0 90.0 -90.0 -90.0 -90.0 -90.0 0.5 383.2508993774355
169 1.475 80.0 280.0 363.07937526952173 90.0 90.0 90.0 90.0 -90.0 -90.0 -90.0 -90.0 0.5 389.8587505390434
170 1.5 80.0 280.0 366.3832061925554 90.0 90.0 90.0 90.0 -90.0 -90.0 -90.0 -90.0 0.5 396.4664123851108
171 1.05 90.0 280.0 239.78498747348786 90.0 0.0 90.0 0.0 0.0 -90.0 0.0 -90.0 0.5 143.26997494697576
172 1.075 90.0 280.0 241.49055145412112 90.0 0.0 90.0 0.0 0.0 -90.0 0.0 -90.0 0.5 146.68110290824228
173 1.1 90.0 280.0 243.19611543475435 90.0 0.0 90.0 0.0 0.0 -90.0 0.0 -90.0 0.5 150.0922308695087
174 1.125 90.0 280.0 244.90177549327927 90.0 0.0 90.0 0.0 0.0 -90.0 0.0 -90.0 0.5 153.50355098655862
175 1.15 90.0 280.0 246.60734700505205 90.0 0.0 90.0 0.0 0.0 -90.0 0.0 -90.0 0.5 156.9146940101041
176 1.175 90.0 280.0 248.95168485336018 90.0 0.0 90.0 0.0 0.0 -90.0 0.0 -90.0 0.5 161.6033697067204
177 1.2 90.0 280.0 326.7708051054092 90.0 90.0 90.0 90.0 -90.0 -90.0 -90.0 -90.0 0.5 317.24161021081835
178 1.225 90.0 280.0 330.0754124972959 90.0 90.0 90.0 90.0 -90.0 -90.0 -90.0 -90.0 0.5 323.85082499459173
179 1.25 90.0 280.0 333.38001988015503 90.0 90.0 90.0 90.0 -90.0 -90.0 -90.0 -90.0 0.5 330.46003976031017
180 1.275 90.0 280.0 336.68454927362376 90.0 90.0 90.0 90.0 -90.0 -90.0 -90.0 -90.0 0.5 337.06909854724756
181 1.3 90.0 280.0 339.98920286167106 90.0 90.0 90.0 90.0 -90.0 -90.0 -90.0 -90.0 0.5 343.6784057233422
182 1.325 90.0 280.0 343.29381561982336 90.0 90.0 90.0 90.0 -90.0 -90.0 -90.0 -90.0 0.5 350.2876312396468
183 1.35 90.0 280.0 346.5984163019612 90.0 90.0 90.0 90.0 -90.0 -90.0 -90.0 -90.0 0.5 356.89683260392246
184 1.375 90.0 280.0 349.90299395483925 90.0 90.0 90.0 90.0 -90.0 -90.0 -90.0 -90.0 0.5 363.50598790967854
185 1.4 90.0 280.0 353.20765657439796 90.0 90.0 90.0 90.0 -90.0 -90.0 -90.0 -90.0 0.5 370.1153131487959
186 1.425 90.0 280.0 356.51221505387775 90.0 90.0 90.0 90.0 -90.0 -90.0 -90.0 -90.0 0.5 376.72443010775567
187 1.45 90.0 280.0 359.8168615955404 90.0 90.0 90.0 90.0 -90.0 -90.0 -90.0 -90.0 0.5 383.33372319108076
188 1.475 90.0 280.0 363.1214961312255 90.0 90.0 90.0 90.0 -90.0 -90.0 -90.0 -90.0 0.5 389.94299226245107
189 1.5 90.0 280.0 366.42604145156565 90.0 90.0 90.0 90.0 -90.0 -90.0 -90.0 -90.0 0.5 396.5520829031312
