# Use this header for notes and global details
#  Name of benchmark/experiment: Benchmark 1                                                                                         
#                   Case number:          0
#        Instellation (S_earth):       1.0000
#                    XCO2 (ppm):     280.0000
#           Obliquity (degrees):      23.4500
# Additional Information
#          Orbital eccentricity:       0.0167
# Longitude of perihelion passag     -77.0000
# Cloud modification by cloud (W      -1.1719
#                   Land albedo:       0.1000
#               Ice/snow albedo:       0.6560
#                Cloud coverage:       0.4282
# Ocean albedo varies with cosZA
# Cloud albedo varies with cosZA

# Columns of data (annually averaged for last orbit)
# Lat = latitude (degrees)
# Tsurf = annually averaged surface temperature (K)
# Asurf = annually averaged surface albedo
# ATOA = annually averaged top-of-atmosphere/total/planetary albedo
# OLR = annually averaged outgoing longwave radiation (W m^-2)
# Foc = Ocean fraction

#          Lat       Tsurf       Asurf        ATOA         OLR         Foc
        -90.00      262.10      0.7426      0.7807      196.36      0.6329
        -89.00      262.12      0.7426      0.7806      196.38      0.5149
        -88.00      262.15      0.7425      0.7803      196.45      0.2474
        -87.00      262.21      0.7422      0.7798      196.57      0.2447
        -86.00      262.30      0.7419      0.7791      196.73      0.2409
        -85.00      262.41      0.7415      0.7783      196.93      0.2991
        -84.00      262.54      0.7411      0.7772      197.19      0.4355
        -83.00      262.70      0.7405      0.7759      197.48      0.5246
        -82.00      262.89      0.7398      0.7744      197.83      0.5463
        -81.00      263.09      0.7391      0.7727      198.22      0.5518
        -80.00      263.33      0.7382      0.7708      198.65      0.5755
        -79.00      263.58      0.7373      0.7687      199.13      0.5956
        -78.00      263.87      0.7362      0.7663      199.66      0.5823
        -77.00      264.17      0.7350      0.7637      200.22      0.5371
        -76.00      264.50      0.7338      0.7608      200.84      0.5572
        -75.00      264.86      0.7315      0.7572      201.49      0.5646
        -74.00      265.23      0.7220      0.7496      202.19      0.5982
        -73.00      265.64      0.7095      0.7401      202.93      0.6191
        -72.00      266.06      0.6929      0.7281      203.72      0.6561
        -71.00      266.51      0.6707      0.7126      204.54      0.7189
        -70.00      266.99      0.6444      0.6944      205.40      0.7749
        -69.00      267.48      0.6131      0.6729      206.29      0.8392
        -68.00      267.99      0.5811      0.6502      207.22      0.8837
        -67.00      268.53      0.5489      0.6264      208.18      0.9187
        -66.00      269.08      0.5120      0.5981      209.17      0.9691
        -65.00      269.65      0.4836      0.5747      210.18      0.9909
        -64.00      270.23      0.4634      0.5560      211.21      0.9938
        -63.00      270.82      0.4466      0.5392      212.26      0.9983
        -62.00      271.43      0.4339      0.5247      213.33      0.9994
        -61.00      272.06      0.4238      0.5118      214.41      0.9995
        -60.00      272.69      0.4151      0.4996      215.51      0.9999
        -59.00      273.33      0.4071      0.4878      216.61      1.0000
        -58.00      273.99      0.3996      0.4763      217.72      1.0000
        -57.00      274.65      0.3925      0.4652      218.84      0.9999
        -56.00      275.32      0.3856      0.4542      219.96      0.9980
        -55.00      276.00      0.3790      0.4434      221.09      0.9889
        -54.00      276.68      0.3727      0.4328      222.21      0.9860
        -53.00      277.37      0.3669      0.4224      223.34      0.9866
        -52.00      278.06      0.3612      0.4122      224.46      0.9817
        -51.00      278.76      0.3558      0.4022      225.57      0.9819
        -50.00      279.46      0.3506      0.3923      226.68      0.9797
        -49.00      280.16      0.3456      0.3825      227.78      0.9759
        -48.00      280.86      0.3408      0.3730      228.87      0.9751
        -47.00      281.56      0.3362      0.3636      229.95      0.9751
        -46.00      282.26      0.3318      0.3544      231.01      0.9704
        -45.00      282.96      0.3276      0.3453      232.06      0.9674
        -44.00      283.65      0.3235      0.3364      233.09      0.9663
        -43.00      284.34      0.3196      0.3277      234.10      0.9626
        -42.00      285.03      0.3159      0.3191      235.09      0.9602
        -41.00      285.71      0.3122      0.3107      236.06      0.9597
        -40.00      286.38      0.3086      0.3024      237.01      0.9609
        -39.00      287.05      0.3054      0.2944      237.94      0.9520
        -38.00      287.70      0.3025      0.2868      238.84      0.9309
        -37.00      288.35      0.2995      0.2791      239.72      0.9240
        -36.00      288.99      0.2965      0.2716      240.57      0.9222
        -35.00      289.61      0.2938      0.2645      241.39      0.9113
        -34.00      290.23      0.2918      0.2620      242.19      0.8771
        -33.00      290.83      0.2898      0.2595      242.96      0.8492
        -32.00      291.41      0.2878      0.2570      243.70      0.8261
        -31.00      291.99      0.2859      0.2545      244.42      0.8057
        -30.00      292.55      0.2838      0.2520      245.10      0.7970
        -29.00      293.09      0.2817      0.2495      245.77      0.7910
        -28.00      293.62      0.2797      0.2472      246.40      0.7840
        -27.00      294.13      0.2777      0.2448      247.01      0.7803
        -26.00      294.63      0.2757      0.2425      247.59      0.7782
        -25.00      295.12      0.2741      0.2405      248.15      0.7682
        -24.00      295.58      0.2725      0.2385      248.68      0.7587
        -23.00      296.03      0.2709      0.2366      249.18      0.7518
        -22.00      296.46      0.2693      0.2347      249.66      0.7484
        -21.00      296.88      0.2676      0.2328      250.12      0.7521
        -20.00      297.27      0.2657      0.2308      250.55      0.7616
        -19.00      297.65      0.2642      0.2291      250.95      0.7644
        -18.00      298.01      0.2629      0.2276      251.33      0.7592
        -17.00      298.35      0.2616      0.2261      251.69      0.7584
        -16.00      298.68      0.2603      0.2246      252.03      0.7626
        -15.00      298.98      0.2588      0.2231      252.34      0.7720
        -14.00      299.26      0.2573      0.2216      252.63      0.7834
        -13.00      299.52      0.2559      0.2203      252.89      0.7926
        -12.00      299.77      0.2547      0.2190      253.14      0.8016
        -11.00      299.99      0.2537      0.2180      253.36      0.8057
        -10.00      300.19      0.2532      0.2173      253.56      0.7961
         -9.00      300.37      0.2530      0.2168      253.73      0.7809
         -8.00      300.53      0.2530      0.2164      253.89      0.7640
         -7.00      300.67      0.2526      0.2159      254.03      0.7588
         -6.00      300.79      0.2521      0.2154      254.14      0.7604
         -5.00      300.89      0.2517      0.2150      254.23      0.7598
         -4.00      300.96      0.2517      0.2148      254.31      0.7518
         -3.00      301.02      0.2517      0.2147      254.36      0.7444
         -2.00      301.05      0.2511      0.2142      254.39      0.7567
         -1.00      301.06      0.2507      0.2140      254.40      0.7657
          0.00      301.05      0.2502      0.2137      254.39      0.7776
          1.00      301.02      0.2504      0.2139      254.36      0.7757
          2.00      300.97      0.2501      0.2138      254.31      0.7866
          3.00      300.89      0.2501      0.2140      254.24      0.7936
          4.00      300.80      0.2505      0.2144      254.15      0.7914
          5.00      300.68      0.2514      0.2152      254.03      0.7756
          6.00      300.54      0.2522      0.2159      253.90      0.7678
          7.00      300.38      0.2530      0.2167      253.74      0.7580
          8.00      300.20      0.2540      0.2176      253.56      0.7484
          9.00      299.99      0.2546      0.2184      253.36      0.7494
         10.00      299.77      0.2551      0.2191      253.14      0.7568
         11.00      299.53      0.2556      0.2199      252.89      0.7684
         12.00      299.26      0.2562      0.2208      252.63      0.7780
         13.00      298.97      0.2575      0.2221      252.33      0.7693
         14.00      298.67      0.2591      0.2238      252.02      0.7522
         15.00      298.34      0.2606      0.2253      251.68      0.7411
         16.00      298.00      0.2622      0.2269      251.32      0.7322
         17.00      297.63      0.2641      0.2288      250.93      0.7136
         18.00      297.24      0.2660      0.2308      250.52      0.6952
         19.00      296.84      0.2676      0.2326      250.08      0.6898
         20.00      296.42      0.2694      0.2346      249.61      0.6828
         21.00      295.98      0.2714      0.2367      249.12      0.6681
         22.00      295.52      0.2737      0.2391      248.61      0.6474
         23.00      295.04      0.2757      0.2413      248.06      0.6376
         24.00      294.55      0.2776      0.2435      247.49      0.6353
         25.00      294.03      0.2796      0.2458      246.89      0.6299
         26.00      293.51      0.2821      0.2485      246.27      0.6118
         27.00      292.96      0.2844      0.2511      245.61      0.5995
         28.00      292.40      0.2867      0.2537      244.93      0.5902
         29.00      291.83      0.2890      0.2564      244.22      0.5844
         30.00      291.23      0.2916      0.2592      243.48      0.5683
         31.00      290.63      0.2941      0.2620      242.71      0.5617
         32.00      290.01      0.2960      0.2646      241.91      0.5761
         33.00      289.38      0.2981      0.2672      241.08      0.5899
         34.00      288.73      0.3005      0.2701      240.22      0.5928
         35.00      288.07      0.3035      0.2761      239.33      0.5771
         36.00      287.39      0.3060      0.2834      238.41      0.5806
         37.00      286.71      0.3088      0.2909      237.47      0.5777
         38.00      286.02      0.3116      0.2985      236.49      0.5795
         39.00      285.31      0.3146      0.3063      235.49      0.5734
         40.00      284.60      0.3179      0.3145      234.47      0.5529
         41.00      283.87      0.3211      0.3226      233.41      0.5421
         42.00      283.15      0.3243      0.3308      232.34      0.5409
         43.00      282.41      0.3276      0.3392      231.24      0.5263
         44.00      281.67      0.3311      0.3478      230.11      0.5119
         45.00      280.92      0.3345      0.3564      228.97      0.4957
         46.00      280.17      0.3380      0.3651      227.81      0.4849
         47.00      279.42      0.3416      0.3738      226.63      0.4699
         48.00      278.67      0.3452      0.3827      225.43      0.4498
         49.00      277.91      0.3488      0.3916      224.22      0.4356
         50.00      277.15      0.3524      0.4006      222.99      0.4253
         51.00      276.40      0.3561      0.4096      221.75      0.4061
         52.00      275.64      0.3598      0.4188      220.50      0.3936
         53.00      274.89      0.3637      0.4280      219.24      0.3950
         54.00      274.13      0.3681      0.4376      217.97      0.4183
         55.00      273.39      0.3728      0.4474      216.70      0.4428
         56.00      272.64      0.5511      0.5649      215.42      0.4540
         57.00      271.91      0.5553      0.5738      214.15      0.4565
         58.00      271.19      0.5597      0.5828      212.90      0.4615
         59.00      270.48      0.5728      0.5970      211.66      0.4414
         60.00      269.79      0.5947      0.6165      210.44      0.3940
         61.00      269.11      0.6188      0.6371      209.24      0.3402
         62.00      268.46      0.6386      0.6550      208.06      0.3045
         63.00      267.82      0.6553      0.6707      206.91      0.2837
         64.00      267.20      0.6721      0.6863      205.79      0.2598
         65.00      266.60      0.6878      0.7011      204.70      0.2325
         66.00      266.02      0.7005      0.7141      203.64      0.2196
         67.00      265.46      0.7107      0.7257      202.62      0.2363
         68.00      264.93      0.7192      0.7353      201.63      0.2854
         69.00      264.42      0.7232      0.7417      200.69      0.3635
         70.00      263.93      0.7254      0.7467      199.78      0.4701
         71.00      263.47      0.7275      0.7513      198.92      0.5608
         72.00      263.03      0.7294      0.7556      198.10      0.6269
         73.00      262.61      0.7311      0.7595      197.32      0.6903
         74.00      262.22      0.7327      0.7631      196.58      0.7750
         75.00      261.85      0.7342      0.7664      195.88      0.7607
         76.00      261.51      0.7356      0.7694      195.23      0.7755
         77.00      261.18      0.7368      0.7722      194.62      0.8175
         78.00      260.89      0.7380      0.7747      194.06      0.8368
         79.00      260.61      0.7391      0.7771      193.54      0.8220
         80.00      260.36      0.7400      0.7792      193.06      0.7825
         81.00      260.14      0.7409      0.7810      192.63      0.7852
         82.00      259.93      0.7416      0.7827      192.24      0.8391
         83.00      259.75      0.7423      0.7841      191.90      0.9186
         84.00      259.60      0.7429      0.7854      191.61      0.9872
         85.00      259.47      0.7434      0.7864      191.36      0.9996
         86.00      259.36      0.7438      0.7873      191.15      1.0000
         87.00      259.28      0.7441      0.7880      190.99      1.0000
         88.00      259.22      0.7443      0.7884      190.88      1.0000
         89.00      259.18      0.7444      0.7887      190.81      1.0000
         90.00      259.17      0.7445      0.7888      190.79      1.0000
