 #Name of benchmark/experiment: Experiment 1 (warm start)
 # Describe how ice line latitude is determined: The surface ice coverage corresponds to latitude bands in which the annually-averaged surface temperature is < 263.15 K.
 # Columns of data
 # Case = case number (0 -> total number of cases in experiment)
 # SEFF = effective stellar flux divided by value at Earth (1361 W/m^2)
 # Obl = obliquity (degrees)
 # XCO2 = CO2 mixing ratio (volume in ppm)
 # Tglob = global, annual mean surface temperature (K)
 #IceLineNMax = latitude of northern edge of ice in northern hemisphere (deg)
 #IceLineNMin = latitude of northern edge of ice in northern hemisphere (deg)
 #IceLineSMax = latitude of northern edge of ice in northern hemisphere (deg)
 #IceLineSMin = latitude of northern edge of ice in northern hemisphere (deg)
 # Diff = thermal diffusion coefficient (W/m^2/K)
 # OLRglob = global, annual mean outgoing longwave radiation (W/m^2)

 # Case SEFF Obl XCO2 Tglob IceLineNMax IceLineNmin IceLineSMax IceLineSMin Diff OLRGlob
0  8.00000E-01   0.0 280.  218.799  90.0   0.0   0.0 -90.0  0.50  111.398
1  8.25000E-01   0.0 280.  222.079  90.0   0.0   0.0 -90.0  0.50  115.655
2  8.50000E-01   0.0 280.  224.371  90.0   0.0   0.0 -90.0  0.50  119.750
3  8.75000E-01   0.0 280.  226.642  90.0   0.0   0.0 -90.0  0.50  123.945
4  9.00000E-01   0.0 280.  228.956  90.0   0.0   0.0 -90.0  0.50  128.248
5  9.25000E-01   0.0 280.  233.692  90.0   0.0   0.0 -90.0  0.50  137.096
6  9.50000E-01   0.0 280.  238.251  90.0   0.0   0.0 -90.0  0.50  145.750
7  9.75000E-01   0.0 280.  276.001  90.0  52.1 -52.1 -90.0  0.50  219.831
8  1.00000E+00   0.0 280.  279.141  90.0  55.8 -55.8 -90.0  0.50  225.266
9  1.02500E+00   0.0 280.  281.800  90.0  58.9 -58.9 -90.0  0.50  229.620
10 1.05000E+00   0.0 280.  284.878  90.0  62.9 -62.9 -90.0  0.50  234.605
11 1.07500E+00   0.0 280.  287.063  90.0  64.9 -64.9 -90.0  0.50  237.731
12 1.10000E+00   0.0 280.  291.125  90.0  69.6 -69.6 -90.0  0.50  243.188
13 1.12500E+00   0.0 280.  296.701  90.0  73.6 -73.6 -90.0  0.50  249.126
14 1.15000E+00   0.0 280.  363.125  90.0  90.0 -90.0 -90.0  0.50  282.108
15 1.17500E+00   0.0 280.  366.636  90.0  90.0 -90.0 -90.0  0.50  283.063
16 1.20000E+00   0.0 280.  369.286  90.0  90.0 -90.0 -90.0  0.50  283.737
17 1.22500E+00   0.0 280.  371.763  90.0  90.0 -90.0 -90.0  0.50  284.298
18 1.25000E+00   0.0 280.  373.761  90.0  90.0 -90.0 -90.0  0.50  284.688

19 8.00000E-01  10.0 280.  218.901  90.0   0.0   0.0 -90.0  0.50  111.519
20 8.25000E-01  10.0 280.  222.059  90.0   0.0   0.0 -90.0  0.50  115.732
21 8.50000E-01  10.0 280.  224.346  90.0   0.0   0.0 -90.0  0.50  119.865
22 8.75000E-01  10.0 280.  226.661  90.0   0.0   0.0 -90.0  0.50  124.107
23 9.00000E-01  10.0 280.  229.094  90.0   0.0   0.0 -90.0  0.50  128.606
24 9.25000E-01  10.0 280.  233.875  90.0   0.0   0.0 -90.0  0.50  137.530
25 9.50000E-01  10.0 280.  238.432  90.0   0.0   0.0 -90.0  0.50  146.158
26 9.75000E-01  10.0 280.  276.312  90.0  53.1 -53.1 -90.0  0.50  220.502
27 1.00000E+00  10.0 280.  279.131  90.0  56.7 -56.7 -90.0  0.50  225.430
28 1.02500E+00  10.0 280.  281.857  90.0  60.1 -60.1 -90.0  0.50  229.956
29 1.05000E+00  10.0 280.  284.514  90.0  63.5 -63.5 -90.0  0.50  234.200
30 1.07500E+00  10.0 280.  286.917  90.0  66.4 -66.4 -90.0  0.50  237.802
31 1.10000E+00  10.0 280.  290.025  90.0  70.3 -70.3 -90.0  0.50  242.130
32 1.12500E+00  10.0 280.  295.596  90.0  75.8 -75.8 -90.0  0.50  248.386
33 1.15000E+00  10.0 280.  364.539  90.0  90.0 -90.0 -90.0  0.50  282.624
34 1.17500E+00  10.0 280.  367.910  90.0  90.0 -90.0 -90.0  0.50  283.495
35 1.20000E+00  10.0 280.  370.791  90.0  90.0 -90.0 -90.0  0.50  284.139
36 1.22500E+00  10.0 280.  373.042  90.0  90.0 -90.0 -90.0  0.50  284.615
37 1.25000E+00  10.0 280.  375.032  90.0  90.0 -90.0 -90.0  0.50  284.952

38 8.00000E-01  20.0 280.  218.927  90.0   0.0   0.0 -90.0  0.50  111.899
39 8.25000E-01  20.0 280.  222.084  90.0   0.0   0.0 -90.0  0.50  116.189
40 8.50000E-01  20.0 280.  224.677  90.0   0.0   0.0 -90.0  0.50  120.872
41 8.75000E-01  20.0 280.  227.579  90.0   0.0   0.0 -90.0  0.50  126.164
42 9.00000E-01  20.0 280.  231.166  90.0   0.0   0.0 -90.0  0.50  132.754
43 9.25000E-01  20.0 280.  234.895  90.0   0.0   0.0 -90.0  0.50  139.679
44 9.50000E-01  20.0 280.  239.091  90.0   0.0   0.0 -90.0  0.50  147.565
45 9.75000E-01  20.0 280.  276.404  90.0  55.4 -55.4 -90.0  0.50  220.878
46 1.00000E+00  20.0 280.  279.195  90.0  59.8 -59.8 -90.0  0.50  226.028
47 1.02500E+00  20.0 280.  281.996  90.0  64.6 -64.6 -90.0  0.50  230.789
48 1.05000E+00  20.0 280.  284.651  90.0  69.7 -69.7 -90.0  0.50  235.102
49 1.07500E+00  20.0 280.  287.028  90.0  74.9 -74.9 -90.0  0.50  238.764
50 1.10000E+00  20.0 280.  289.534  90.0  84.4 -84.4 -90.0  0.50  242.419
51 1.12500E+00  20.0 280.  292.770  90.0  90.0 -90.0 -90.0  0.50  246.579
52 1.15000E+00  20.0 280.  299.795  90.0  90.0 -90.0 -90.0  0.50  253.821
53 1.17500E+00  20.0 280.  372.228  90.0  90.0 -90.0 -90.0  0.50  284.590
54 1.20000E+00  20.0 280.  374.904  90.0  90.0 -90.0 -90.0  0.50  285.012
55 1.22500E+00  20.0 280.  377.064  90.0  90.0 -90.0 -90.0  0.50  285.312
56 1.25000E+00  20.0 280.  378.854  90.0  90.0 -90.0 -90.0  0.50  285.555

57 8.00000E-01  30.0 280.  219.420  90.0   0.0   0.0 -90.0  0.50  113.376
58 8.25000E-01  30.0 280.  222.996  90.0   0.0   0.0 -90.0  0.50  118.354
59 8.50000E-01  30.0 280.  225.747  90.0   0.0   0.0 -90.0  0.50  123.279
60 8.75000E-01  30.0 280.  228.702  90.0   0.0   0.0 -90.0  0.50  128.614
61 9.00000E-01  30.0 280.  232.161  90.0   0.0   0.0 -90.0  0.50  134.908
62 9.25000E-01  30.0 280.  235.707  90.0   0.0   0.0 -90.0  0.50  141.434
63 9.50000E-01  30.0 280.  239.629  90.0   0.0   0.0 -90.0  0.50  148.745
64 9.75000E-01  30.0 280.  244.828  90.0   0.0   0.0 -90.0  0.50  158.582
65 1.00000E+00  30.0 280.  280.076  90.0  75.5 -75.5 -90.0  0.50  228.206
66 1.02500E+00  30.0 280.  282.603  90.0  90.0 -90.0 -90.0  0.50  232.773
67 1.05000E+00  30.0 280.  284.855  90.0  90.0 -90.0 -90.0  0.50  236.448
68 1.07500E+00  30.0 280.  287.027  90.0  90.0 -90.0 -90.0  0.50  239.809
69 1.10000E+00  30.0 280.  289.181  90.0  90.0 -90.0 -90.0  0.50  242.975
70 1.12500E+00  30.0 280.  291.347  90.0  90.0 -90.0 -90.0  0.50  246.034
71 1.15000E+00  30.0 280.  293.855  90.0  90.0 -90.0 -90.0  0.50  249.248
72 1.17500E+00  30.0 280.  299.798  90.0  90.0 -90.0 -90.0  0.50  255.368
73 1.20000E+00  30.0 280.  381.248  90.0  90.0 -90.0 -90.0  0.50  285.885
74 1.22500E+00  30.0 280.  382.745  90.0  90.0 -90.0 -90.0  0.50  286.072
75 1.25000E+00  30.0 280.  384.002  90.0  90.0 -90.0 -90.0  0.50  286.239

76 8.00000E-01  40.0 280.  220.421  90.0   0.0   0.0 -90.0  0.50  115.517
77 8.25000E-01  40.0 280.  224.003  90.0   0.0   0.0 -90.0  0.50  120.614
78 8.50000E-01  40.0 280.  226.862  90.0   0.0   0.0 -90.0  0.50  125.680
79 8.75000E-01  40.0 280.  229.903  90.0   0.0   0.0 -90.0  0.50  131.123
80 9.00000E-01  40.0 280.  233.276  90.0   0.0   0.0 -90.0  0.50  137.215
81 9.25000E-01  40.0 280.  236.722  90.0   0.0   0.0 -90.0  0.50  143.513
82 9.50000E-01  40.0 280.  240.442  90.0   0.0   0.0 -90.0  0.50  150.402
83 9.75000E-01  40.0 280.  244.788  90.0   0.0   0.0 -90.0  0.50  158.573
84 1.00000E+00  40.0 280.  280.503  90.0  90.0 -90.0 -90.0  0.50  229.508
85 1.02500E+00  40.0 280.  282.606  90.0  90.0 -90.0 -90.0  0.50  233.332
86 1.05000E+00  40.0 280.  284.498  90.0  90.0 -90.0 -90.0  0.50  236.720
87 1.07500E+00  40.0 280.  286.480  90.0  90.0 -90.0 -90.0  0.50  239.913
88 1.10000E+00  40.0 280.  288.557  90.0  90.0 -90.0 -90.0  0.50  243.017
89 1.12500E+00  40.0 280.  290.741  90.0  90.0 -90.0 -90.0  0.50  246.143
90 1.15000E+00  40.0 280.  292.931  90.0  90.0 -90.0 -90.0  0.50  249.155
91 1.17500E+00  40.0 280.  295.190  90.0  90.0 -90.0 -90.0  0.50  252.057
92 1.20000E+00  40.0 280.  298.596  90.0  90.0 -90.0 -90.0  0.50  255.856
93 1.22500E+00  40.0 280.  387.300  90.0  90.0 -90.0 -90.0  0.50  286.613
94 1.25000E+00  40.0 280.  387.700  90.0  90.0 -90.0 -90.0  0.50  286.645

95 8.00000E-01  50.0 280.  221.758  90.0   0.0   0.0 -90.0  0.50  118.031
96 8.25000E-01  50.0 280.  225.334  90.0   0.0   0.0 -90.0  0.50  123.296
97 8.50000E-01  50.0 280.  228.339  90.0   0.0   0.0 -90.0  0.50  128.575
98 8.75000E-01  50.0 280.  231.491  90.0   0.0   0.0 -90.0  0.50  134.176
99 9.00000E-01  50.0 280.  234.857  90.0   0.0   0.0 -90.0  0.50  140.228
100 9.25000E-01  50.0 280.  238.433  90.0   0.0   0.0 -90.0  0.50  146.739
101 9.50000E-01  50.0 280.  242.163  90.0   0.0   0.0 -90.0  0.50  153.638
102 9.75000E-01  50.0 280.  246.456  90.0   0.0   0.0 -90.0  0.50  161.712
103 1.00000E+00  50.0 280.  280.380  90.0  90.0 -90.0 -90.0  0.50  229.591
104 1.02500E+00  50.0 280.  282.424  90.0  90.0 -90.0 -90.0  0.50  233.255
105 1.05000E+00  50.0 280.  284.433  90.0  90.0 -90.0 -90.0  0.50  236.808
106 1.07500E+00  50.0 280.  286.427  90.0  90.0 -90.0 -90.0  0.50  240.284
107 1.10000E+00  50.0 280.  288.432  90.0  90.0 -90.0 -90.0  0.50  243.567
108 1.12500E+00  50.0 280.  290.657  90.0  90.0 -90.0 -90.0  0.50  246.723
109 1.15000E+00  50.0 280.  292.857  90.0  90.0 -90.0 -90.0  0.50  249.638
110 1.17500E+00  50.0 280.  295.167  90.0  90.0 -90.0 -90.0  0.50  252.553
111 1.20000E+00  50.0 280.  297.483  90.0  90.0 -90.0 -90.0  0.50  255.366
112 1.22500E+00  50.0 280.  299.935  90.0  90.0 -90.0 -90.0  0.50  258.056
113 1.25000E+00  50.0 280.  387.462  90.0  90.0 -90.0 -90.0  0.50  286.627

114 8.00000E-01  60.0 280.  223.799  90.0   0.0   0.0 -90.0  0.50  121.098
115 8.25000E-01  60.0 280.  227.059  90.0   0.0   0.0 -90.0  0.50  126.470
116 8.50000E-01  60.0 280.  230.184  90.0   0.0   0.0 -90.0  0.50  131.938
117 8.75000E-01  60.0 280.  233.406  90.0   0.0   0.0 -90.0  0.50  137.654
118 9.00000E-01  60.0 280.  236.967  90.0   0.0   0.0 -90.0  0.50  144.068
119 9.25000E-01  60.0 280.  240.581  90.0   0.0   0.0 -90.0  0.50  150.685
120 9.50000E-01  60.0 280.  244.490  90.0   0.0   0.0 -90.0  0.50  157.972
121 9.75000E-01  60.0 280.  249.094  90.0   0.0   0.0 -90.0  0.50  166.733
122 1.00000E+00  60.0 280.  280.689  90.0  90.0 -90.0 -90.0  0.50  230.115
123 1.02500E+00  60.0 280.  282.816  90.0  90.0 -90.0 -90.0  0.50  233.983
124 1.05000E+00  60.0 280.  284.954  90.0  90.0 -90.0 -90.0  0.50  237.589
125 1.07500E+00  60.0 280.  287.069  90.0  90.0 -90.0 -90.0  0.50  241.043
126 1.10000E+00  60.0 280.  289.186  90.0  90.0 -90.0 -90.0  0.50  244.395
127 1.12500E+00  60.0 280.  291.378  90.0  90.0 -90.0 -90.0  0.50  247.677
128 1.15000E+00  60.0 280.  293.759  90.0  90.0 -90.0 -90.0  0.50  250.817
129 1.17500E+00  60.0 280.  296.558  90.0  90.0 -90.0 -90.0  0.50  254.015
130 1.20000E+00  60.0 280.  299.651  90.0  90.0 -90.0 -90.0  0.50  257.371
131 1.22500E+00  60.0 280.  304.689  90.0  90.0 -90.0 -90.0  0.50  262.203
132 1.25000E+00  60.0 280.  387.162  90.0  90.0 -90.0 -90.0  0.50  286.597

133 8.00000E-01  70.0 280.  224.934  90.0   0.0   0.0 -90.0  0.50  123.656
134 8.25000E-01  70.0 280.  228.653  90.0   0.0   0.0 -90.0  0.50  129.311
135 8.50000E-01  70.0 280.  231.958  90.0   0.0   0.0 -90.0  0.50  135.106
136 8.75000E-01  70.0 280.  235.256  90.0   0.0   0.0 -90.0  0.50  140.987
137 9.00000E-01  70.0 280.  239.005  90.0   0.0   0.0 -90.0  0.50  147.789
138 9.25000E-01  70.0 280.  242.793  90.0   0.0   0.0 -90.0  0.50  154.805
139 9.50000E-01  70.0 280.  247.217  90.0   0.0   0.0 -90.0  0.50  163.176
140 9.75000E-01  70.0 280.  279.426  90.0  90.0 -90.0 -90.0  0.50  227.277
141 1.00000E+00  70.0 280.  281.581  90.0  90.0 -90.0 -90.0  0.50  231.228
142 1.02500E+00  70.0 280.  283.769  90.0  90.0 -90.0 -90.0  0.50  235.091
143 1.05000E+00  70.0 280.  286.019  90.0  90.0 -90.0 -90.0  0.50  238.814
144 1.07500E+00  70.0 280.  288.467  90.0  90.0 -90.0 -90.0  0.50  242.525
145 1.10000E+00  70.0 280.  291.010  90.0  90.0 -90.0 -90.0  0.50  246.159
146 1.12500E+00  70.0 280.  293.760  90.0  90.0 -90.0 -90.0  0.50  249.810
147 1.15000E+00  70.0 280.  297.045  90.0  90.0 -90.0 -90.0  0.50  253.726
148 1.17500E+00  70.0 280.  301.818  90.0  90.0 -90.0 -90.0  0.50  258.453
149 1.20000E+00  70.0 280.  313.480  90.0  90.0 -90.0 -90.0  0.50  267.468
150 1.22500E+00  70.0 280.  386.614  90.0  90.0 -90.0 -90.0  0.50  286.546
151 1.25000E+00  70.0 280.  386.809  90.0  90.0 -90.0 -90.0  0.50  286.565

152 8.00000E-01  80.0 280.  225.888  90.0   0.0   0.0 -90.0  0.50  125.374
153 8.25000E-01  80.0 280.  229.796  90.0   0.0   0.0 -90.0  0.50  131.332
154 8.50000E-01  80.0 280.  233.116  90.0   0.0   0.0 -90.0  0.50  137.176
155 8.75000E-01  80.0 280.  236.620  90.0   0.0   0.0 -90.0  0.50  143.464
156 9.00000E-01  80.0 280.  240.455  90.0   0.0   0.0 -90.0  0.50  150.483
157 9.25000E-01  80.0 280.  244.663  90.0   0.0   0.0 -90.0  0.50  158.361
158 9.50000E-01  80.0 280.  278.890  90.0  90.0 -90.0 -90.0  0.50  225.961
159 9.75000E-01  80.0 280.  280.709  90.0  90.0 -90.0 -90.0  0.50  229.216
160 1.00000E+00  80.0 280.  282.556  90.0  90.0 -90.0 -90.0  0.50  232.375
161 1.02500E+00  80.0 280.  284.995  90.0  90.0 -90.0 -90.0  0.50  236.433
162 1.05000E+00  80.0 280.  287.548  90.0  90.0 -90.0 -90.0  0.50  240.410
163 1.07500E+00  80.0 280.  290.289  90.0  90.0 -90.0 -90.0  0.50  244.325
164 1.10000E+00  80.0 280.  293.396  90.0  90.0 -90.0 -90.0  0.50  248.341
165 1.12500E+00  80.0 280.  297.198  90.0  90.0 -90.0 -90.0  0.50  252.768
166 1.15000E+00  80.0 280.  302.064  90.0  90.0 -90.0 -90.0  0.50  257.741
167 1.17500E+00  80.0 280.  313.702  90.0  90.0 -90.0 -90.0  0.50  266.417
168 1.20000E+00  80.0 280.  384.312  90.0  90.0 -90.0 -90.0  0.50  286.337
169 1.22500E+00  80.0 280.  385.539  90.0  90.0 -90.0 -90.0  0.50  286.448
170 1.25000E+00  80.0 280.  386.196  90.0  90.0 -90.0 -90.0  0.50  286.508

171 8.00000E-01  90.0 280.  226.256  90.0   0.0   0.0 -90.0  0.50  126.031
172 8.25000E-01  90.0 280.  230.175  90.0   0.0   0.0 -90.0  0.50  132.003
173 8.50000E-01  90.0 280.  233.513  90.0   0.0   0.0 -90.0  0.50  137.892
174 8.75000E-01  90.0 280.  237.106  90.0   0.0   0.0 -90.0  0.50  144.353
175 9.00000E-01  90.0 280.  241.004  90.0   0.0   0.0 -90.0  0.50  151.514
176 9.25000E-01  90.0 280.  245.702  90.0  73.2   0.0 -90.0  0.50  160.347
177 9.50000E-01  90.0 280.  279.338  90.0  90.0 -90.0 -90.0  0.50  226.637
178 9.75000E-01  90.0 280.  281.187  90.0  90.0 -90.0 -90.0  0.50  229.867
179 1.00000E+00  90.0 280.  283.163  90.0  90.0 -90.0 -90.0  0.50  233.156
180 1.02500E+00  90.0 280.  285.582  90.0  90.0 -90.0 -90.0  0.50  237.053
181 1.05000E+00  90.0 280.  288.256  90.0  90.0 -90.0 -90.0  0.50  241.115
182 1.07500E+00  90.0 280.  291.155  90.0  90.0 -90.0 -90.0  0.50  245.132
183 1.10000E+00  90.0 280.  294.632  90.0  90.0 -90.0 -90.0  0.50  249.433
184 1.12500E+00  90.0 280.  298.908  90.0  90.0 -90.0 -90.0  0.50  254.154
185 1.15000E+00  90.0 280.  304.038  90.0  90.0 -90.0 -90.0  0.50  259.202
186 1.17500E+00  90.0 280.  380.818  90.0  90.0 -90.0 -90.0  0.50  285.971
187 1.20000E+00  90.0 280.  383.274  90.0  90.0 -90.0 -90.0  0.50  286.234
188 1.22500E+00  90.0 280.  384.729  90.0  90.0 -90.0 -90.0  0.50  286.374
189 1.25000E+00  90.0 280.  385.707  90.0  90.0 -90.0 -90.0  0.50  286.464
