# Use this header for notes and global details
# Name of benchmark/experiment:
# Case number:
# Instellation (S_earth):
# XCO2 (ppm):
# Obliquity (degrees):

# Columns of data (annually averaged for last orbit)
# Lat = latitude (degrees)
# Tsurf = annually averaged surface temperature (K)
# Asurf = annually averaged surface albedo
# ATOA = annually averaged top-of-atmosphere/total/planetary albedo
# OLR = annually averaged outgoing longwave radiation (W m^-2)

# Lat Tsurf Asurf ATOA OLR
-83.380372 358.240877 0.225000 0.245003 381.889933
-78.521659 357.580577 0.225000 0.245028 380.509906
-75.164888 356.908043 0.225000 0.245045 379.104310
-72.427054 356.228460 0.225000 0.245058 377.683981
-70.051556 355.545114 0.225000 0.245069 376.255788
-67.921031 354.860030 0.225000 0.245078 374.823963
-65.970136 354.174599 0.225000 0.245086 373.391412
-64.158067 353.490106 0.225000 0.245094 371.960822
-62.457325 352.807481 0.225000 0.245100 370.534135
-60.848336 352.127437 0.225000 0.245106 369.112843
-59.316583 351.450660 0.225000 0.245111 367.698379
-57.850948 350.777760 0.225000 0.245116 366.292018
-56.442690 350.109193 0.225000 0.245120 364.894713
-55.084794 349.445363 0.225000 0.245124 363.507309
-53.771523 348.786677 0.225000 0.245128 362.130655
-52.498117 348.133519 0.225000 0.245131 360.765555
-51.260575 347.486201 0.225000 0.245133 359.412660
-50.055495 346.844989 0.225000 0.245136 358.072527
-48.879952 346.210145 0.225000 0.245138 356.745703
-47.731416 345.581941 0.225000 0.245140 355.432757
-46.607672 344.960632 0.225000 0.245142 354.134221
-45.506776 344.346434 0.225000 0.245143 352.850547
-44.427004 343.739535 0.225000 0.245144 351.582128
-43.366822 343.140124 0.225000 0.245145 350.329359
-42.324857 342.548400 0.225000 0.245146 349.092656
-41.299873 341.964561 0.225000 0.245146 347.872432
-40.290752 341.388787 0.225000 0.245147 346.669065
-39.296480 340.821234 0.225000 0.245147 345.482879
-38.316134 340.262048 0.225000 0.245147 344.314180
-37.348870 339.711383 0.225000 0.245146 343.163290
-36.393910 339.169401 0.225000 0.245146 342.030548
-35.450543 338.636272 0.225000 0.245146 340.916308
-34.518108 338.112159 0.225000 0.245145 339.820912
-33.595995 337.597201 0.225000 0.245144 338.744650
-32.683639 337.091532 0.225000 0.245143 337.687802
-31.780510 336.595286 0.225000 0.245142 336.650648
-30.886118 336.108607 0.225000 0.245141 335.633489
-30.000000 335.631646 0.225000 0.245139 334.636640
-29.121726 335.164560 0.225000 0.245138 333.660430
-28.250889 334.707498 0.225000 0.245136 332.705171
-27.387108 334.260595 0.225000 0.245135 331.771144
-26.530021 333.823985 0.225000 0.245133 330.858629
-25.679289 333.397803 0.225000 0.245131 329.967908
-24.834587 332.982193 0.225000 0.245129 329.099283
-23.995611 332.577306 0.225000 0.245127 328.253070
-23.162069 332.183296 0.225000 0.245125 327.429589
-22.333683 331.800312 0.225000 0.245122 326.629152
-21.510188 331.428492 0.225000 0.245120 325.852048
-20.691333 331.067972 0.225000 0.245118 325.098561
-19.876874 330.718892 0.225000 0.245115 324.368984
-19.066580 330.381397 0.225000 0.245113 323.663620
-18.260228 330.055642 0.225000 0.245110 322.982792
-17.457603 329.741789 0.225000 0.245107 322.326839
-16.658499 329.439991 0.225000 0.245104 321.696081
-15.862716 329.150397 0.225000 0.245101 321.090830
-15.070062 328.873148 0.225000 0.245098 320.511379
-14.280350 328.608389 0.225000 0.245095 319.958033
-13.493399 328.356269 0.225000 0.245092 319.431102
-12.709033 328.116947 0.225000 0.245089 318.930919
-11.927082 327.890588 0.225000 0.245086 318.457829
-11.147378 327.677355 0.225000 0.245083 318.012172
-10.369760 327.477405 0.225000 0.245079 317.594276
-9.594068 327.290884 0.225000 0.245076 317.204448
-8.820148 327.117932 0.225000 0.245072 316.842978
-8.047846 326.958696 0.225000 0.245069 316.510175
-7.277014 326.813323 0.225000 0.245065 316.206345
-6.507504 326.681972 0.225000 0.245062 315.931821
-5.739170 326.564801 0.225000 0.245058 315.686934
-4.971872 326.461958 0.225000 0.245055 315.471992
-4.205466 326.373572 0.225000 0.245051 315.287265
-3.439813 326.299754 0.225000 0.245047 315.132986
-2.674774 326.240606 0.225000 0.245044 315.009367
-1.910213 326.196225 0.225000 0.245040 314.916610
-1.145992 326.166707 0.225000 0.245036 314.854918
-0.381975 326.152147 0.225000 0.245032 314.824487
0.381975 326.152634 0.225000 0.245028 314.825505
1.145992 326.168169 0.225000 0.245025 314.857973
1.910213 326.198662 0.225000 0.245021 314.921704
2.674774 326.244020 0.225000 0.245017 315.016502
3.439813 326.304148 0.225000 0.245013 315.142169
4.205466 326.378948 0.225000 0.245009 315.298501
4.971872 326.468319 0.225000 0.245005 315.485287
5.739170 326.572151 0.225000 0.245001 315.702296
6.507504 326.690313 0.225000 0.244997 315.949254
7.277014 326.822659 0.225000 0.244993 316.225857
8.047846 326.969029 0.225000 0.244989 316.531771
8.820148 327.129266 0.225000 0.244985 316.866666
9.594068 327.303220 0.225000 0.244982 317.230230
10.369760 327.490747 0.225000 0.244978 317.622161
11.147378 327.691704 0.225000 0.244974 318.042161
11.927082 327.905945 0.225000 0.244970 318.489925
12.709033 328.133313 0.225000 0.244966 318.965124
13.493399 328.373644 0.225000 0.244962 319.467416
14.280350 328.626771 0.225000 0.244958 319.996451
15.070062 328.892536 0.225000 0.244954 320.551900
15.862716 329.170787 0.225000 0.244950 321.133445
16.658499 329.461381 0.225000 0.244947 321.740786
17.457603 329.764173 0.225000 0.244943 322.373622
18.260228 330.079015 0.225000 0.244939 323.031641
19.066580 330.405750 0.225000 0.244935 323.714517
19.876874 330.744217 0.225000 0.244932 324.421914
20.691333 331.094259 0.225000 0.244928 325.153501
21.510188 331.455730 0.225000 0.244924 325.908976
22.333683 331.828487 0.225000 0.244921 326.688038
23.162069 332.212395 0.225000 0.244917 327.490406
23.995611 332.607311 0.225000 0.244914 328.315780
24.834587 333.013087 0.225000 0.244910 329.163852
25.679289 333.429566 0.225000 0.244907 330.034293
26.530021 333.856594 0.225000 0.244904 330.926781
27.387108 334.294028 0.225000 0.244900 331.841019
28.250889 334.741729 0.225000 0.244897 332.776714
29.121726 335.199563 0.225000 0.244894 333.733587
30.000000 335.667391 0.225000 0.244891 334.711347
30.886118 336.145061 0.225000 0.244888 335.709677
31.780510 336.632416 0.225000 0.244885 336.728249
32.683639 337.129302 0.225000 0.244882 337.766741
33.595995 337.635575 0.225000 0.244880 338.824852
34.518108 338.151097 0.225000 0.244877 339.902293
35.450543 338.675734 0.225000 0.244874 340.998784
36.393910 339.209346 0.225000 0.244872 342.114033
37.348870 339.751767 0.225000 0.244870 343.247693
38.316134 340.302826 0.225000 0.244867 344.399406
39.296480 340.862358 0.225000 0.244865 345.568828
40.290752 341.430210 0.225000 0.244863 346.755639
41.299873 342.006233 0.225000 0.244862 347.959527
42.324857 342.590273 0.225000 0.244860 349.180171
43.366822 343.182148 0.225000 0.244858 350.417189
44.427004 343.781660 0.225000 0.244857 351.670169
45.506776 344.388610 0.225000 0.244856 352.938695
46.607672 345.002806 0.225000 0.244855 354.222365
47.731416 345.624059 0.225000 0.244854 355.520783
48.879952 346.252156 0.225000 0.244854 356.833506
50.055495 346.886840 0.225000 0.244853 358.159996
51.260575 347.527839 0.225000 0.244853 359.499684
52.498117 348.174887 0.225000 0.244854 360.852014
53.771523 348.827720 0.225000 0.244854 362.216435
55.084794 349.486026 0.225000 0.244855 363.592294
56.442690 350.149421 0.225000 0.244856 364.978790
57.850948 350.817497 0.225000 0.244858 366.375069
59.316583 351.489848 0.225000 0.244859 367.780282
60.848336 352.166021 0.225000 0.244862 369.193484
62.457325 352.845405 0.225000 0.244865 370.613396
64.158067 353.527312 0.225000 0.244869 372.038582
65.970136 354.211030 0.225000 0.244873 373.467553
67.921031 354.895631 0.225000 0.244878 374.898369
70.051556 355.579828 0.225000 0.244885 376.328341
72.427054 356.262224 0.225000 0.244893 377.754548
75.164888 356.940786 0.225000 0.244903 379.172743
78.521659 357.612218 0.225000 0.244916 380.576036
83.380372 358.271305 0.225000 0.244938 381.953527
