# Name of benchmark/experiment: FILLET Experiment 1 (warm start)
# Model: AVALON (Albedo-feedback Variable Axial-tilt Latitudinal Outgoing-Net EBM)
# Ice line definition: latitude where annual-mean surface temperature crosses -10.0 °C
# Ice-free convention: NMaxLand=NMinLand=NMaxSea=NMinSea=90; SMaxLand=SMinLand=SMaxSea=SMinSea=-90
# Case Inst Obl XCO2 Tglob IceLineNMaxLand IceLineNMinLand IceLineNMaxSea IceLineNMinSea IceLineSMaxLand IceLineSMinLand IceLineSMaxSea IceLineSMinSea Diff OLRglob
0 0.8 0.0 280.0 221.91771592566633 90.0 0.0 90.0 0.0 0.0 -90.0 0.0 -90.0 0.5 107.5354318513327
1 0.825 0.0 280.0 223.59792080866407 90.0 0.0 90.0 0.0 0.0 -90.0 0.0 -90.0 0.5 110.89584161732819
2 0.85 0.0 280.0 262.7685281743722 90.0 36.54868485589703 90.0 36.54868485589703 -36.54868485589703 -90.0 -36.54868485589703 -90.0 0.5 189.23705634874446
3 0.875 0.0 280.0 273.802199343373 90.0 48.83429056727908 90.0 48.83429056727908 -48.83429056727908 -90.0 -48.83429056727908 -90.0 0.5 211.30439868674597
4 0.9 0.0 280.0 280.82519568548645 90.0 57.425982177408926 90.0 57.425982177408926 -57.425982177408926 -90.0 -57.425982177408926 -90.0 0.5 225.35039137097297
5 0.925 0.0 280.0 285.69130441420316 90.0 62.578228140751904 90.0 62.578228140751904 -62.578228140751904 -90.0 -62.578228140751904 -90.0 0.5 235.08260882840634
6 0.95 0.0 280.0 290.3683863201323 90.0 68.84130700058387 90.0 68.84130700058387 -68.84130700058387 -90.0 -68.84130700058387 -90.0 0.5 244.43677264026454
7 0.975 0.0 280.0 294.2199019104249 90.0 72.75700252390558 90.0 72.75700252390558 -72.75700252390558 -90.0 -72.75700252390558 -90.0 0.5 252.13980382084975
8 1.0 0.0 280.0 297.98753546921694 90.0 77.83045665700186 90.0 77.83045665700186 -77.83045665700186 -90.0 -77.83045665700186 -90.0 0.5 259.6750709384339
9 1.025 0.0 280.0 301.62348450607584 90.0 90.0 90.0 90.0 -90.0 -90.0 -90.0 -90.0 0.5 266.94696901215167
10 1.05 0.0 280.0 304.8780964616824 90.0 90.0 90.0 90.0 -90.0 -90.0 -90.0 -90.0 0.5 273.45619292336477
11 1.075 0.0 280.0 308.1335265649537 90.0 90.0 90.0 90.0 -90.0 -90.0 -90.0 -90.0 0.5 279.9670531299074
12 1.1 0.0 280.0 311.38892885190376 90.0 90.0 90.0 90.0 -90.0 -90.0 -90.0 -90.0 0.5 286.4778577038077
13 1.125 0.0 280.0 314.64440359693464 90.0 90.0 90.0 90.0 -90.0 -90.0 -90.0 -90.0 0.5 292.98880719386926
14 1.15 0.0 280.0 317.8998260142329 90.0 90.0 90.0 90.0 -90.0 -90.0 -90.0 -90.0 0.5 299.49965202846573
15 1.175 0.0 280.0 321.1552694481958 90.0 90.0 90.0 90.0 -90.0 -90.0 -90.0 -90.0 0.5 306.0105388963915
16 1.2 0.0 280.0 324.4107266736747 90.0 90.0 90.0 90.0 -90.0 -90.0 -90.0 -90.0 0.5 312.52145334734945
17 1.225 0.0 280.0 327.66610440453786 90.0 90.0 90.0 90.0 -90.0 -90.0 -90.0 -90.0 0.5 319.03220880907577
18 1.25 0.0 280.0 330.921581850617 90.0 90.0 90.0 90.0 -90.0 -90.0 -90.0 -90.0 0.5 325.54316370123405
19 0.8 10.0 280.0 222.1061560634541 90.0 0.0 90.0 0.0 0.0 -90.0 0.0 -90.0 0.5 107.91231212690825
20 0.825 10.0 280.0 223.7923216078217 90.0 0.0 90.0 0.0 0.0 -90.0 0.0 -90.0 0.5 111.28464321564344
21 0.85 10.0 280.0 225.47841271703058 90.0 0.0 90.0 0.0 0.0 -90.0 0.0 -90.0 0.5 114.65682543406122
22 0.875 10.0 280.0 272.6636241788805 90.0 46.91465999212944 90.0 46.91465999212944 -46.91465999212944 -90.0 -46.91465999212944 -90.0 0.5 209.0272483577611
23 0.9 10.0 280.0 279.84810914077997 90.0 55.1072953255733 90.0 55.1072953255733 -55.1072953255733 -90.0 -55.1072953255733 -90.0 0.5 223.39621828155998
24 0.925 10.0 280.0 285.67287098978153 90.0 62.578228140751904 90.0 62.578228140751904 -62.578228140751904 -90.0 -62.578228140751904 -90.0 0.5 235.04574197956305
25 0.95 10.0 280.0 290.38700304716104 90.0 68.84130700058387 90.0 68.84130700058387 -68.84130700058387 -90.0 -68.84130700058387 -90.0 0.5 244.47400609432216
26 0.975 10.0 280.0 294.2669353039041 90.0 72.75700252390558 90.0 72.75700252390558 -72.75700252390558 -90.0 -72.75700252390558 -90.0 0.5 252.23387060780834
27 1.0 10.0 280.0 298.07505109030143 90.0 77.83045665700186 90.0 77.83045665700186 -77.83045665700186 -90.0 -77.83045665700186 -90.0 0.5 259.8501021806029
28 1.025 10.0 280.0 301.77741415114264 90.0 90.0 90.0 90.0 -90.0 -90.0 -90.0 -90.0 0.5 267.25482830228526
29 1.05 10.0 280.0 305.0358750456651 90.0 90.0 90.0 90.0 -90.0 -90.0 -90.0 -90.0 0.5 273.7717500913302
30 1.075 10.0 280.0 308.62419496024336 90.0 90.0 90.0 90.0 -90.0 -90.0 -90.0 -90.0 0.5 280.9483899204867
31 1.1 10.0 280.0 311.891022152011 90.0 90.0 90.0 90.0 -90.0 -90.0 -90.0 -90.0 0.5 287.48204430402205
32 1.125 10.0 280.0 315.15791758624835 90.0 90.0 90.0 90.0 -90.0 -90.0 -90.0 -90.0 0.5 294.0158351724966
33 1.15 10.0 280.0 318.42475495938425 90.0 90.0 90.0 90.0 -90.0 -90.0 -90.0 -90.0 0.5 300.54950991876854
34 1.175 10.0 280.0 321.69161282855134 90.0 90.0 90.0 90.0 -90.0 -90.0 -90.0 -90.0 0.5 307.08322565710284
35 1.2 10.0 280.0 324.95848405415995 90.0 90.0 90.0 90.0 -90.0 -90.0 -90.0 -90.0 0.5 313.61696810832
36 1.225 10.0 280.0 328.22536344842007 90.0 90.0 90.0 90.0 -90.0 -90.0 -90.0 -90.0 0.5 320.1507268968401
37 1.25 10.0 280.0 331.49216452133163 90.0 90.0 90.0 90.0 -90.0 -90.0 -90.0 -90.0 0.5 326.6843290426633
38 0.8 20.0 280.0 222.2323388851443 90.0 0.0 90.0 0.0 0.0 -90.0 0.0 -90.0 0.5 108.16467777028862
39 0.825 20.0 280.0 223.92232754243884 90.0 0.0 90.0 0.0 0.0 -90.0 0.0 -90.0 0.5 111.5446550848777
40 0.85 20.0 280.0 225.61238295510628 90.0 0.0 90.0 0.0 0.0 -90.0 0.0 -90.0 0.5 114.92476591021259
41 0.875 20.0 280.0 271.23723376300177 90.0 45.06148396663785 90.0 45.06148396663785 -45.06148396663785 -90.0 -45.06148396663785 -90.0 0.5 206.1744675260036
42 0.9 20.0 280.0 279.65754905410677 90.0 57.425982177408926 90.0 57.425982177408926 -57.425982177408926 -90.0 -57.425982177408926 -90.0 0.5 223.0150981082136
43 0.925 20.0 280.0 286.16740603418856 90.0 65.52088340444688 90.0 65.52088340444688 -65.52088340444688 -90.0 -65.52088340444688 -90.0 0.5 236.03481206837722
44 0.95 20.0 280.0 290.9648920465277 90.0 77.83045665700186 90.0 77.83045665700186 -77.83045665700186 -90.0 -77.83045665700186 -90.0 0.5 245.6297840930555
45 0.975 20.0 280.0 295.26737618059246 90.0 90.0 90.0 90.0 -90.0 -90.0 -90.0 -90.0 0.5 254.2347523611849
46 1.0 20.0 280.0 299.1299231013657 90.0 90.0 90.0 90.0 -90.0 -90.0 -90.0 -90.0 0.5 261.95984620273146
47 1.025 20.0 280.0 302.40439604208325 90.0 90.0 90.0 90.0 -90.0 -90.0 -90.0 -90.0 0.5 268.5087920841665
48 1.05 20.0 280.0 305.67811056669717 90.0 90.0 90.0 90.0 -90.0 -90.0 -90.0 -90.0 0.5 275.0562211333944
49 1.075 20.0 280.0 308.9525089643942 90.0 90.0 90.0 90.0 -90.0 -90.0 -90.0 -90.0 0.5 281.6050179287885
50 1.1 20.0 280.0 312.2270724320405 90.0 90.0 90.0 90.0 -90.0 -90.0 -90.0 -90.0 0.5 288.154144864081
51 1.125 20.0 280.0 315.5015179394007 90.0 90.0 90.0 90.0 -90.0 -90.0 -90.0 -90.0 0.5 294.7030358788015
52 1.15 20.0 280.0 318.77599324046173 90.0 90.0 90.0 90.0 -90.0 -90.0 -90.0 -90.0 0.5 301.2519864809236
53 1.175 20.0 280.0 322.050488689195 90.0 90.0 90.0 90.0 -90.0 -90.0 -90.0 -90.0 0.5 307.8009773783901
54 1.2 20.0 280.0 325.3249972032588 90.0 90.0 90.0 90.0 -90.0 -90.0 -90.0 -90.0 0.5 314.3499944065178
55 1.225 20.0 280.0 328.5995136428783 90.0 90.0 90.0 90.0 -90.0 -90.0 -90.0 -90.0 0.5 320.89902728575674
56 1.25 20.0 280.0 331.87395043404416 90.0 90.0 90.0 90.0 -90.0 -90.0 -90.0 -90.0 0.5 327.4479008680885
57 0.8 30.0 280.0 222.35257881058578 90.0 0.0 90.0 0.0 0.0 -90.0 0.0 -90.0 0.5 108.40515762117164
58 0.825 30.0 280.0 224.0464230389194 90.0 0.0 90.0 0.0 0.0 -90.0 0.0 -90.0 0.5 111.79284607783882
59 0.85 30.0 280.0 225.7402201190141 90.0 0.0 90.0 0.0 0.0 -90.0 0.0 -90.0 0.5 115.18044023802827
60 0.875 30.0 280.0 227.43404604917913 90.0 0.0 90.0 0.0 0.0 -90.0 0.0 -90.0 0.5 118.5680920983583
61 0.9 30.0 280.0 280.95888204098725 90.0 62.578228140751904 90.0 62.578228140751904 -62.578228140751904 -90.0 -62.578228140751904 -90.0 0.5 225.6177640819746
62 0.925 30.0 280.0 289.5759449593178 90.0 90.0 90.0 90.0 -90.0 -90.0 -90.0 -90.0 0.5 242.85188991863555
63 0.95 30.0 280.0 292.85777425417785 90.0 90.0 90.0 90.0 -90.0 -90.0 -90.0 -90.0 0.5 249.41554850835567
64 0.975 30.0 280.0 296.13955921153104 90.0 90.0 90.0 90.0 -90.0 -90.0 -90.0 -90.0 0.5 255.97911842306212
65 1.0 30.0 280.0 299.4213251570649 90.0 90.0 90.0 90.0 -90.0 -90.0 -90.0 -90.0 0.5 262.5426503141299
66 1.025 30.0 280.0 302.70292012124753 90.0 90.0 90.0 90.0 -90.0 -90.0 -90.0 -90.0 0.5 269.10584024249505
67 1.05 30.0 280.0 305.9839767226505 90.0 90.0 90.0 90.0 -90.0 -90.0 -90.0 -90.0 0.5 275.66795344530107
68 1.075 30.0 280.0 309.26577330574 90.0 90.0 90.0 90.0 -90.0 -90.0 -90.0 -90.0 0.5 282.23154661148016
69 1.1 30.0 280.0 312.54753853911785 90.0 90.0 90.0 90.0 -90.0 -90.0 -90.0 -90.0 0.5 288.79507707823575
70 1.125 30.0 280.0 315.82927008017145 90.0 90.0 90.0 90.0 -90.0 -90.0 -90.0 -90.0 0.5 295.35854016034295
71 1.15 30.0 280.0 319.1110310175916 90.0 90.0 90.0 90.0 -90.0 -90.0 -90.0 -90.0 0.5 301.9220620351832
72 1.175 30.0 280.0 322.3928117703938 90.0 90.0 90.0 90.0 -90.0 -90.0 -90.0 -90.0 0.5 308.4856235407876
73 1.2 30.0 280.0 325.6746053108438 90.0 90.0 90.0 90.0 -90.0 -90.0 -90.0 -90.0 0.5 315.0492106216876
74 1.225 30.0 280.0 328.95640654496685 90.0 90.0 90.0 90.0 -90.0 -90.0 -90.0 -90.0 0.5 321.61281308993375
75 1.25 30.0 280.0 332.23812686474673 90.0 90.0 90.0 90.0 -90.0 -90.0 -90.0 -90.0 0.5 328.1762537294935
76 0.8 40.0 280.0 222.46027873445314 90.0 0.0 90.0 0.0 0.0 -90.0 0.0 -90.0 0.5 108.62055746890627
77 0.825 40.0 280.0 224.15740260490767 90.0 0.0 90.0 0.0 0.0 -90.0 0.0 -90.0 0.5 112.01480520981539
78 0.85 40.0 280.0 279.95230632769926 90.0 90.0 90.0 90.0 -90.0 -90.0 -90.0 -90.0 0.5 223.60461265539865
79 0.875 40.0 280.0 283.2406209725395 90.0 90.0 90.0 90.0 -90.0 -90.0 -90.0 -90.0 0.5 230.18124194507897
80 0.9 40.0 280.0 286.52883323994695 90.0 90.0 90.0 90.0 -90.0 -90.0 -90.0 -90.0 0.5 236.75766647989383
81 0.925 40.0 280.0 289.81720677082774 90.0 90.0 90.0 90.0 -90.0 -90.0 -90.0 -90.0 0.5 243.3344135416556
82 0.95 40.0 280.0 293.10546159779324 90.0 90.0 90.0 90.0 -90.0 -90.0 -90.0 -90.0 0.5 249.9109231955866
83 0.975 40.0 280.0 296.3937588740011 90.0 90.0 90.0 90.0 -90.0 -90.0 -90.0 -90.0 0.5 256.4875177480023
84 1.0 40.0 280.0 299.6820277461594 90.0 90.0 90.0 90.0 -90.0 -90.0 -90.0 -90.0 0.5 263.06405549231886
85 1.025 40.0 280.0 302.9700553245358 90.0 90.0 90.0 90.0 -90.0 -90.0 -90.0 -90.0 0.5 269.64011064907163
86 1.05 40.0 280.0 306.25779512465874 90.0 90.0 90.0 90.0 -90.0 -90.0 -90.0 -90.0 0.5 276.21559024931753
87 1.075 40.0 280.0 309.54604472846347 90.0 90.0 90.0 90.0 -90.0 -90.0 -90.0 -90.0 0.5 282.79208945692704
88 1.1 40.0 280.0 312.8343344106725 90.0 90.0 90.0 90.0 -90.0 -90.0 -90.0 -90.0 0.5 289.36866882134507
89 1.125 40.0 280.0 316.1225864677367 90.0 90.0 90.0 90.0 -90.0 -90.0 -90.0 -90.0 0.5 295.9451729354736
90 1.15 40.0 280.0 319.41086756558025 90.0 90.0 90.0 90.0 -90.0 -90.0 -90.0 -90.0 0.5 302.52173513116065
91 1.175 40.0 280.0 322.6991681814287 90.0 90.0 90.0 90.0 -90.0 -90.0 -90.0 -90.0 0.5 309.0983363628575
92 1.2 40.0 280.0 325.9874813364177 90.0 90.0 90.0 90.0 -90.0 -90.0 -90.0 -90.0 0.5 315.6749626728355
93 1.225 40.0 280.0 329.27580197756066 90.0 90.0 90.0 90.0 -90.0 -90.0 -90.0 -90.0 0.5 322.25160395512125
94 1.25 40.0 280.0 332.5640405714751 90.0 90.0 90.0 90.0 -90.0 -90.0 -90.0 -90.0 0.5 328.8280811429502
95 0.8 50.0 280.0 273.5556798109285 90.0 90.0 90.0 90.0 -90.0 -90.0 -90.0 -90.0 0.5 210.81135962185698
96 0.825 50.0 280.0 276.84954134015277 90.0 90.0 90.0 90.0 -90.0 -90.0 -90.0 -90.0 0.5 217.39908268030567
97 0.85 50.0 280.0 280.1434854359966 90.0 90.0 90.0 90.0 -90.0 -90.0 -90.0 -90.0 0.5 223.9869708719932
98 0.875 50.0 280.0 283.4374221195583 90.0 90.0 90.0 90.0 -90.0 -90.0 -90.0 -90.0 0.5 230.57484423911657
99 0.9 50.0 280.0 286.7313463490656 90.0 90.0 90.0 90.0 -90.0 -90.0 -90.0 -90.0 0.5 237.16269269813125
100 0.925 50.0 280.0 290.0252511581233 90.0 90.0 90.0 90.0 -90.0 -90.0 -90.0 -90.0 0.5 243.75050231624664
101 0.95 50.0 280.0 293.31912703766665 90.0 90.0 90.0 90.0 -90.0 -90.0 -90.0 -90.0 0.5 250.3382540753333
102 0.975 50.0 280.0 296.61304211190725 90.0 90.0 90.0 90.0 -90.0 -90.0 -90.0 -90.0 0.5 256.9260842238145
103 1.0 50.0 280.0 299.90692067996196 90.0 90.0 90.0 90.0 -90.0 -90.0 -90.0 -90.0 0.5 263.5138413599239
104 1.025 50.0 280.0 303.200372315692 90.0 90.0 90.0 90.0 -90.0 -90.0 -90.0 -90.0 0.5 270.10074463138403
105 1.05 50.0 280.0 306.4939327051514 90.0 90.0 90.0 90.0 -90.0 -90.0 -90.0 -90.0 0.5 276.6878654103029
106 1.075 50.0 280.0 309.7878185548728 90.0 90.0 90.0 90.0 -90.0 -90.0 -90.0 -90.0 0.5 283.2756371097457
107 1.1 50.0 280.0 313.08173649894695 90.0 90.0 90.0 90.0 -90.0 -90.0 -90.0 -90.0 0.5 289.86347299789395
108 1.125 50.0 280.0 316.37561342525834 90.0 90.0 90.0 90.0 -90.0 -90.0 -90.0 -90.0 0.5 296.4512268505168
109 1.15 50.0 280.0 319.6696088501031 90.0 90.0 90.0 90.0 -90.0 -90.0 -90.0 -90.0 0.5 303.0392177002063
110 1.175 50.0 280.0 322.9634440074254 90.0 90.0 90.0 90.0 -90.0 -90.0 -90.0 -90.0 0.5 309.62688801485086
111 1.2 50.0 280.0 326.2573812540139 90.0 90.0 90.0 90.0 -90.0 -90.0 -90.0 -90.0 0.5 316.21476250802783
112 1.225 50.0 280.0 329.55132580774153 90.0 90.0 90.0 90.0 -90.0 -90.0 -90.0 -90.0 0.5 322.8026516154831
113 1.25 50.0 280.0 332.8451873369658 90.0 90.0 90.0 90.0 -90.0 -90.0 -90.0 -90.0 0.5 329.3903746739316
114 0.8 60.0 280.0 273.7018621865204 90.0 90.0 90.0 90.0 -90.0 -90.0 -90.0 -90.0 0.5 211.10372437304076
115 0.825 60.0 280.0 277.0002919149819 90.0 90.0 90.0 90.0 -90.0 -90.0 -90.0 -90.0 0.5 217.70058382996388
116 0.85 60.0 280.0 280.2988036476747 90.0 90.0 90.0 90.0 -90.0 -90.0 -90.0 -90.0 0.5 224.29760729534945
117 0.875 60.0 280.0 283.59730780206525 90.0 90.0 90.0 90.0 -90.0 -90.0 -90.0 -90.0 0.5 230.8946156041306
118 0.9 60.0 280.0 286.895799293588 90.0 90.0 90.0 90.0 -90.0 -90.0 -90.0 -90.0 0.5 237.49159858717607
119 0.925 60.0 280.0 290.1942711021556 90.0 90.0 90.0 90.0 -90.0 -90.0 -90.0 -90.0 0.5 244.08854220431124
120 0.95 60.0 280.0 293.49271365136264 90.0 90.0 90.0 90.0 -90.0 -90.0 -90.0 -90.0 0.5 250.68542730272537
121 0.975 60.0 280.0 296.79119275120195 90.0 90.0 90.0 90.0 -90.0 -90.0 -90.0 -90.0 0.5 257.2823855024039
122 1.0 60.0 280.0 300.08962876249905 90.0 90.0 90.0 90.0 -90.0 -90.0 -90.0 -90.0 0.5 263.87925752499814
123 1.025 60.0 280.0 303.3875705509459 90.0 90.0 90.0 90.0 -90.0 -90.0 -90.0 -90.0 0.5 270.47514110189184
124 1.05 60.0 280.0 306.68577619181536 90.0 90.0 90.0 90.0 -90.0 -90.0 -90.0 -90.0 0.5 277.0715523836308
125 1.075 60.0 280.0 309.984241054608 90.0 90.0 90.0 90.0 -90.0 -90.0 -90.0 -90.0 0.5 283.66848210921603
126 1.1 60.0 280.0 313.2827315253318 90.0 90.0 90.0 90.0 -90.0 -90.0 -90.0 -90.0 0.5 290.2654630506637
127 1.125 60.0 280.0 316.58126799260367 90.0 90.0 90.0 90.0 -90.0 -90.0 -90.0 -90.0 0.5 296.8625359852074
128 1.15 60.0 280.0 319.8797443185409 90.0 90.0 90.0 90.0 -90.0 -90.0 -90.0 -90.0 0.5 303.45948863708185
129 1.175 60.0 280.0 323.1781476382205 90.0 90.0 90.0 90.0 -90.0 -90.0 -90.0 -90.0 0.5 310.0562952764409
130 1.2 60.0 280.0 326.4766540234418 90.0 90.0 90.0 90.0 -90.0 -90.0 -90.0 -90.0 0.5 316.6533080468838
131 1.225 60.0 280.0 329.7751675703666 90.0 90.0 90.0 90.0 -90.0 -90.0 -90.0 -90.0 0.5 323.2503351407332
132 1.25 60.0 280.0 333.07359729882813 90.0 90.0 90.0 90.0 -90.0 -90.0 -90.0 -90.0 0.5 329.84719459765637
133 0.8 70.0 280.0 273.80957481238954 90.0 90.0 90.0 90.0 -90.0 -90.0 -90.0 -90.0 0.5 211.3191496247792
134 0.825 70.0 280.0 277.1113705604095 90.0 90.0 90.0 90.0 -90.0 -90.0 -90.0 -90.0 0.5 217.92274112081913
135 0.85 70.0 280.0 280.4132478982721 90.0 90.0 90.0 90.0 -90.0 -90.0 -90.0 -90.0 0.5 224.52649579654425
136 0.875 70.0 280.0 283.7151175355027 90.0 90.0 90.0 90.0 -90.0 -90.0 -90.0 -90.0 0.5 231.13023507100553
137 0.9 70.0 280.0 287.0169743560041 90.0 90.0 90.0 90.0 -90.0 -90.0 -90.0 -90.0 0.5 237.73394871200827
138 0.925 70.0 280.0 290.31881130012624 90.0 90.0 90.0 90.0 -90.0 -90.0 -90.0 -90.0 0.5 244.33762260025256
139 0.95 70.0 280.0 293.62061874184513 90.0 90.0 90.0 90.0 -90.0 -90.0 -90.0 -90.0 0.5 250.94123748369037
140 0.975 70.0 280.0 296.9224607859508 90.0 90.0 90.0 90.0 -90.0 -90.0 -90.0 -90.0 0.5 257.54492157190174
141 1.0 70.0 280.0 300.22433746625205 90.0 90.0 90.0 90.0 -90.0 -90.0 -90.0 -90.0 0.5 264.1486749325041
142 1.025 70.0 280.0 303.525536907782 90.0 90.0 90.0 90.0 -90.0 -90.0 -90.0 -90.0 0.5 270.75107381556415
143 1.05 70.0 280.0 306.82713362715026 90.0 90.0 90.0 90.0 -90.0 -90.0 -90.0 -90.0 0.5 277.35426725430057
144 1.075 70.0 280.0 310.1289724775362 90.0 90.0 90.0 90.0 -90.0 -90.0 -90.0 -90.0 0.5 283.95794495507243
145 1.1 70.0 280.0 313.4308321564168 90.0 90.0 90.0 90.0 -90.0 -90.0 -90.0 -90.0 0.5 290.56166431283367
146 1.125 70.0 280.0 316.73273682062376 90.0 90.0 90.0 90.0 -90.0 -90.0 -90.0 -90.0 0.5 297.1654736412475
147 1.15 70.0 280.0 320.03457996820157 90.0 90.0 90.0 90.0 -90.0 -90.0 -90.0 -90.0 0.5 303.7691599364032
148 1.175 70.0 280.0 323.3364384858725 90.0 90.0 90.0 90.0 -90.0 -90.0 -90.0 -90.0 0.5 310.3728769717451
149 1.2 70.0 280.0 326.63822237722644 90.0 90.0 90.0 90.0 -90.0 -90.0 -90.0 -90.0 0.5 316.97644475445287
150 1.225 70.0 280.0 329.9401025287288 90.0 90.0 90.0 90.0 -90.0 -90.0 -90.0 -90.0 0.5 323.5802050574577
151 1.25 70.0 280.0 333.24189827674877 90.0 90.0 90.0 90.0 -90.0 -90.0 -90.0 -90.0 0.5 330.1837965534976
152 0.8 80.0 280.0 273.87508510195596 90.0 90.0 90.0 90.0 -90.0 -90.0 -90.0 -90.0 0.5 211.45017020391197
153 0.825 80.0 280.0 277.1789280465249 90.0 90.0 90.0 90.0 -90.0 -90.0 -90.0 -90.0 0.5 218.05785609304982
154 0.85 80.0 280.0 280.48285232890777 90.0 90.0 90.0 90.0 -90.0 -90.0 -90.0 -90.0 0.5 224.66570465781555
155 0.875 80.0 280.0 283.7867688362585 90.0 90.0 90.0 90.0 -90.0 -90.0 -90.0 -90.0 0.5 231.27353767251702
156 0.9 80.0 280.0 287.0906724333023 90.0 90.0 90.0 90.0 -90.0 -90.0 -90.0 -90.0 0.5 237.8813448666047
157 0.925 80.0 280.0 290.3945560363277 90.0 90.0 90.0 90.0 -90.0 -90.0 -90.0 -90.0 0.5 244.4891120726554
158 0.95 80.0 280.0 293.69840998913253 90.0 90.0 90.0 90.0 -90.0 -90.0 -90.0 -90.0 0.5 251.0968199782651
159 0.975 80.0 280.0 297.0022973594132 90.0 90.0 90.0 90.0 -90.0 -90.0 -90.0 -90.0 0.5 257.7045947188265
160 1.0 80.0 280.0 300.306214073091 90.0 90.0 90.0 90.0 -90.0 -90.0 -90.0 -90.0 0.5 264.312428146182
161 1.025 80.0 280.0 303.6094288385299 90.0 90.0 90.0 90.0 -90.0 -90.0 -90.0 -90.0 0.5 270.9188576770597
162 1.05 80.0 280.0 306.91319376093554 90.0 90.0 90.0 90.0 -90.0 -90.0 -90.0 -90.0 0.5 277.52638752187113
163 1.075 80.0 280.0 310.2170853483038 90.0 90.0 90.0 90.0 -90.0 -90.0 -90.0 -90.0 0.5 284.1341706966077
164 1.1 80.0 280.0 313.52090623222335 90.0 90.0 90.0 90.0 -90.0 -90.0 -90.0 -90.0 0.5 290.74181246444675
165 1.125 80.0 280.0 316.82485941724656 90.0 90.0 90.0 90.0 -90.0 -90.0 -90.0 -90.0 0.5 297.3497188344931
166 1.15 80.0 280.0 320.12875024919487 90.0 90.0 90.0 90.0 -90.0 -90.0 -90.0 -90.0 0.5 303.9575004983897
167 1.175 80.0 280.0 323.43265637528066 90.0 90.0 90.0 90.0 -90.0 -90.0 -90.0 -90.0 0.5 310.56531275056136
168 1.2 80.0 280.0 326.7364874557709 90.0 90.0 90.0 90.0 -90.0 -90.0 -90.0 -90.0 0.5 317.1729749115419
169 1.225 80.0 280.0 330.04041515962734 90.0 90.0 90.0 90.0 -90.0 -90.0 -90.0 -90.0 0.5 323.78083031925473
170 1.25 80.0 280.0 333.3442581041963 90.0 90.0 90.0 90.0 -90.0 -90.0 -90.0 -90.0 0.5 330.3885162083925
171 0.8 90.0 280.0 273.89792433887607 90.0 90.0 90.0 90.0 -90.0 -90.0 -90.0 -90.0 0.5 211.4958486777522
172 0.825 90.0 280.0 277.2024810095988 90.0 90.0 90.0 90.0 -90.0 -90.0 -90.0 -90.0 0.5 218.10496201919761
173 0.85 90.0 280.0 280.50711893026994 90.0 90.0 90.0 90.0 -90.0 -90.0 -90.0 -90.0 0.5 224.7142378605399
174 0.875 90.0 280.0 283.81174904997056 90.0 90.0 90.0 90.0 -90.0 -90.0 -90.0 -90.0 0.5 231.32349809994116
175 0.9 90.0 280.0 287.11636622674007 90.0 90.0 90.0 90.0 -90.0 -90.0 -90.0 -90.0 0.5 237.93273245348024
176 0.925 90.0 280.0 290.42096336847817 90.0 90.0 90.0 90.0 -90.0 -90.0 -90.0 -90.0 0.5 244.54192673695644
177 0.95 90.0 280.0 293.7255308084619 90.0 90.0 90.0 90.0 -90.0 -90.0 -90.0 -90.0 0.5 251.15106161692387
178 0.975 90.0 280.0 297.0301312528224 90.0 90.0 90.0 90.0 -90.0 -90.0 -90.0 -90.0 0.5 257.7602625056449
179 1.0 90.0 280.0 300.3347591953364 90.0 90.0 90.0 90.0 -90.0 -90.0 -90.0 -90.0 0.5 264.3695183906729
180 1.025 90.0 280.0 303.63867657507836 90.0 90.0 90.0 90.0 -90.0 -90.0 -90.0 -90.0 0.5 270.9773531501568
181 1.05 90.0 280.0 306.9431676944896 90.0 90.0 90.0 90.0 -90.0 -90.0 -90.0 -90.0 0.5 277.58633538897925
182 1.075 90.0 280.0 310.2477743841169 90.0 90.0 90.0 90.0 -90.0 -90.0 -90.0 -90.0 0.5 284.19554876823383
183 1.1 90.0 280.0 313.55230928618363 90.0 90.0 90.0 90.0 -90.0 -90.0 -90.0 -90.0 0.5 290.8046185723673
184 1.125 90.0 280.0 316.8569766590437 90.0 90.0 90.0 90.0 -90.0 -90.0 -90.0 -90.0 0.5 297.41395331808747
185 1.15 90.0 280.0 320.1615813872164 90.0 90.0 90.0 90.0 -90.0 -90.0 -90.0 -90.0 0.5 304.0231627744329
186 1.175 90.0 280.0 323.46620138304604 90.0 90.0 90.0 90.0 -90.0 -90.0 -90.0 -90.0 0.5 310.63240276609207
187 1.2 90.0 280.0 326.7707461871057 90.0 90.0 90.0 90.0 -90.0 -90.0 -90.0 -90.0 0.5 317.24149237421153
188 1.225 90.0 280.0 330.07538774116136 90.0 90.0 90.0 90.0 -90.0 -90.0 -90.0 -90.0 0.5 323.8507754823227
189 1.25 90.0 280.0 333.37994441188397 90.0 90.0 90.0 90.0 -90.0 -90.0 -90.0 -90.0 0.5 330.459888823768
