# Use this header for notes and global details
# Name of benchmark/experiment:
# Case number:
# Instellation (S_earth):
# XCO2 (ppm):
# Obliquity (degrees):

# Columns of data (annually averaged for last orbit)
# Lat = latitude (degrees)
# Tsurf = annually averaged surface temperature (K)
# Asurf = annually averaged surface albedo
# ATOA = annually averaged top-of-atmosphere/total/planetary albedo
# OLR = annually averaged outgoing longwave radiation (W m^-2)

# Lat Tsurf Asurf ATOA OLR
-83.380372 346.737736 0.225000 0.269114 357.848368
-78.521659 346.927093 0.225000 0.267810 358.244124
-75.164888 347.098204 0.225000 0.266524 358.601746
-72.427054 347.257259 0.225000 0.265255 358.934171
-70.051556 347.407467 0.225000 0.264004 359.248106
-67.921031 347.551109 0.225000 0.262771 359.548318
-65.970136 347.689813 0.225000 0.261555 359.838209
-64.158067 347.824815 0.225000 0.260357 360.120363
-62.457325 347.957057 0.225000 0.259176 360.396749
-60.848336 348.087377 0.225000 0.258013 360.669118
-59.316583 348.216373 0.225000 0.256868 360.938720
-57.850948 348.344629 0.225000 0.255741 361.206775
-56.442690 348.472592 0.225000 0.254631 361.474217
-55.084794 348.600637 0.225000 0.253538 361.741831
-53.771523 348.729131 0.225000 0.252464 362.010384
-52.498117 348.858334 0.225000 0.251407 362.280418
-51.260575 348.988488 0.225000 0.250367 362.552440
-50.055495 349.119824 0.225000 0.249345 362.826932
-48.879952 349.252496 0.225000 0.248341 363.104217
-47.731416 349.386647 0.225000 0.247355 363.384592
-46.607672 349.522400 0.225000 0.246386 363.668316
-45.506776 349.659823 0.225000 0.245435 363.955530
-44.427004 349.798975 0.225000 0.244501 364.246358
-43.366822 349.939866 0.225000 0.243585 364.540820
-42.324857 350.082479 0.225000 0.242686 364.838881
-41.299873 350.226753 0.225000 0.241805 365.140414
-40.290752 350.372588 0.225000 0.240942 365.445209
-39.296480 350.519818 0.225000 0.240097 365.752920
-38.316134 350.668187 0.225000 0.239269 366.063011
-37.348870 350.817377 0.225000 0.238458 366.374818
-36.393910 350.967058 0.225000 0.237666 366.687651
-35.450543 351.116896 0.225000 0.236891 367.000813
-34.518108 351.266566 0.225000 0.236133 367.313623
-33.595995 351.415754 0.225000 0.235393 367.625426
-32.683639 351.564162 0.225000 0.234671 367.935599
-31.780510 351.711508 0.225000 0.233966 368.243552
-30.886118 351.857524 0.225000 0.233279 368.548725
-30.000000 352.001962 0.225000 0.232610 368.850601
-29.121726 352.144587 0.225000 0.231958 369.148687
-28.250889 352.285181 0.225000 0.231324 369.442528
-27.387108 352.423539 0.225000 0.230708 369.731697
-26.530021 352.559473 0.225000 0.230109 370.015799
-25.679289 352.692806 0.225000 0.229527 370.294465
-24.834587 352.823373 0.225000 0.228964 370.567350
-23.995611 352.951021 0.225000 0.228418 370.834134
-23.162069 353.075609 0.225000 0.227889 371.094523
-22.333683 353.197006 0.225000 0.227378 371.348243
-21.510188 353.315088 0.225000 0.226885 371.595034
-20.691333 353.429744 0.225000 0.226410 371.834665
-19.876874 353.540868 0.225000 0.225952 372.066914
-19.066580 353.648362 0.225000 0.225511 372.291577
-18.260228 353.752137 0.225000 0.225089 372.508466
-17.457603 353.852109 0.225000 0.224684 372.717408
-16.658499 353.948201 0.225000 0.224296 372.918240
-15.862716 354.040342 0.225000 0.223926 373.110815
-15.070062 354.128466 0.225000 0.223574 373.294994
-14.280350 354.212512 0.225000 0.223239 373.470650
-13.493399 354.292425 0.225000 0.222922 373.637668
-12.709033 354.368152 0.225000 0.222623 373.795938
-11.927082 354.439647 0.225000 0.222341 373.945362
-11.147378 354.506866 0.225000 0.222077 374.085850
-10.369760 354.569769 0.225000 0.221830 374.217317
-9.594068 354.628322 0.225000 0.221601 374.339693
-8.820148 354.682489 0.225000 0.221390 374.452902
-8.047846 354.732243 0.225000 0.221197 374.556888
-7.277014 354.777557 0.225000 0.221020 374.651594
-6.507504 354.818405 0.225000 0.220862 374.736966
-5.739170 354.854769 0.225000 0.220721 374.812967
-4.971872 354.886628 0.225000 0.220598 374.879553
-4.205466 354.913968 0.225000 0.220492 374.936693
-3.439813 354.936774 0.225000 0.220404 374.984358
-2.674774 354.955035 0.225000 0.220334 375.022523
-1.910213 354.968743 0.225000 0.220281 375.051173
-1.145992 354.977890 0.225000 0.220246 375.070290
-0.381975 354.982473 0.225000 0.220229 375.079869
0.381975 354.982489 0.225000 0.220229 375.079902
1.145992 354.977938 0.225000 0.220246 375.070390
1.910213 354.968822 0.225000 0.220282 375.051338
2.674774 354.955145 0.225000 0.220335 375.022753
3.439813 354.936915 0.225000 0.220405 374.984652
4.205466 354.914140 0.225000 0.220493 374.937053
4.971872 354.886830 0.225000 0.220599 374.879975
5.739170 354.855000 0.225000 0.220723 374.813450
6.507504 354.818665 0.225000 0.220864 374.737510
7.277014 354.777844 0.225000 0.221022 374.652194
8.047846 354.732558 0.225000 0.221199 374.557546
8.820148 354.682830 0.225000 0.221392 374.453615
9.594068 354.628687 0.225000 0.221604 374.340456
10.369760 354.570158 0.225000 0.221833 374.218130
11.147378 354.507277 0.225000 0.222080 374.086709
11.927082 354.440078 0.225000 0.222344 373.946263
12.709033 354.368603 0.225000 0.222626 373.796880
13.493399 354.292893 0.225000 0.222926 373.638646
14.280350 354.212996 0.225000 0.223243 373.471662
15.070062 354.128964 0.225000 0.223578 373.296035
15.862716 354.040852 0.225000 0.223930 373.111881
16.658499 353.948721 0.225000 0.224300 372.919327
17.457603 353.852636 0.225000 0.224688 372.718509
18.260228 353.752669 0.225000 0.225093 372.509578
19.066580 353.648898 0.225000 0.225516 372.292697
19.876874 353.541404 0.225000 0.225956 372.068034
20.691333 353.430278 0.225000 0.226415 371.835781
21.510188 353.315617 0.225000 0.226890 371.596140
22.333683 353.197527 0.225000 0.227384 371.349331
23.162069 353.076119 0.225000 0.227895 371.095589
23.995611 352.951517 0.225000 0.228423 370.835171
24.834587 352.823851 0.225000 0.228969 370.568349
25.679289 352.693264 0.225000 0.229533 370.295422
26.530021 352.559907 0.225000 0.230115 370.016706
27.387108 352.423945 0.225000 0.230714 369.732545
28.250889 352.285554 0.225000 0.231330 369.443308
29.121726 352.144924 0.225000 0.231965 369.149391
30.000000 352.002259 0.225000 0.232616 368.851221
30.886118 351.857776 0.225000 0.233286 368.549252
31.780510 351.711710 0.225000 0.233973 368.243974
32.683639 351.564310 0.225000 0.234678 367.935908
33.595995 351.415842 0.225000 0.235400 367.625610
34.518108 351.266588 0.225000 0.236140 367.313669
35.450543 351.116847 0.225000 0.236898 367.000710
36.393910 350.966932 0.225000 0.237673 366.687388
37.348870 350.817166 0.225000 0.238466 366.374377
38.316134 350.667884 0.225000 0.239276 366.062378
39.296480 350.519416 0.225000 0.240104 365.752079
40.290752 350.372077 0.225000 0.240950 365.444141
41.299873 350.226123 0.225000 0.241813 365.139097
42.324857 350.081719 0.225000 0.242694 364.837293
43.366822 349.938963 0.225000 0.243592 364.538933
44.427004 349.797914 0.225000 0.244508 364.244140
45.506776 349.658587 0.225000 0.245442 363.952947
46.607672 349.520971 0.225000 0.246393 363.665329
47.731416 349.385006 0.225000 0.247362 363.381163
48.879952 349.250622 0.225000 0.248349 363.100300
50.055495 349.117694 0.225000 0.249353 362.822480
51.260575 348.986078 0.225000 0.250375 362.547403
52.498117 348.855622 0.225000 0.251414 362.274750
53.771523 348.726093 0.225000 0.252471 362.004034
55.084794 348.597251 0.225000 0.253545 361.734755
56.442690 348.468837 0.225000 0.254638 361.466369
57.850948 348.340487 0.225000 0.255747 361.198118
59.316583 348.211828 0.225000 0.256875 360.929221
60.848336 348.082415 0.225000 0.258020 360.658747
62.457325 347.951667 0.225000 0.259182 360.385484
64.158067 347.818991 0.225000 0.260363 360.108191
65.970136 347.683552 0.225000 0.261560 359.825124
67.921031 347.544412 0.225000 0.262776 359.534321
70.051556 347.400346 0.225000 0.264009 359.233223
72.427054 347.249733 0.225000 0.265259 358.918442
75.164888 347.090302 0.225000 0.266527 358.585231
78.521659 346.918859 0.225000 0.267813 358.226915
83.380372 346.729231 0.225000 0.269116 357.830593
