# Name of benchmark/experiment: Experiment 2
# Describe how ice line latitude is determined: where temperature falls below freezing in annual average
# Note that Tglob = 450. means the case is in runaway greenhouse: ESTM output is not reliable

# Columns of data
# Case = case number (total: 289)
# Inst = instellation (S_earth; i.e., relative to Earth's 1361 W m^-2)
# Obl = obliquity (degrees)
# XCO2 = mixing ratio (volume) of CO2 (ppm)
# Tglob = global, annual mean surface temperature (K)
# IceLineNMax = latitude of northern edge of ice in northern hemisphere (deg)
# IceLineNMin = latitude of southern edge of ice in northern hemisphere (deg)
# IceLineSMax = latitude of northern edge of ice in southern hemisphere (deg)
# IceLineSMin = latitude of southern edge of ice in southern hemisphere (deg)
# Diff = average diffusion coefficient (W m^-2 K^-1)
# OLR = global, annual mean outgoing longwave radiation

# Case Inst Obl XCO2 Tglob IceLineNMax IceLineNMin IceLineSMax IceLineSMin Diff OLR
0 1.0000 0.0 280 227.15 90.0 0.0 0.0 -90.0 0.5000 135.36
1 1.0000 5.0 280 227.15 90.0 0.0 0.0 -90.0 0.5000 135.37
2 1.0000 10.0 280 227.15 90.0 0.0 0.0 -90.0 0.5000 135.40
3 1.0000 15.0 280 227.15 90.0 0.0 0.0 -90.0 0.5000 135.46
4 1.0000 20.0 280 227.16 90.0 0.0 0.0 -90.0 0.5000 135.55
5 1.0000 25.0 280 227.19 90.0 0.0 0.0 -90.0 0.5000 135.71
6 1.0000 30.0 280 227.28 90.0 0.0 0.0 -90.0 0.5000 136.02
7 1.0000 35.0 280 227.41 90.0 0.0 0.0 -90.0 0.5000 136.46
8 1.0000 40.0 280 227.59 90.0 0.0 0.0 -90.0 0.5000 137.03
9 1.0000 45.0 280 227.87 90.0 0.0 0.0 -90.0 0.5000 137.78
10 1.0000 50.0 280 228.23 90.0 0.0 0.0 -90.0 0.5000 138.71
11 1.0000 55.0 280 228.70 90.0 0.0 0.0 -90.0 0.5000 139.83
12 1.0000 60.0 280 229.26 90.0 0.0 0.0 -90.0 0.5000 141.07
13 1.0000 65.0 280 229.91 90.0 0.0 0.0 -90.0 0.5000 142.43
14 1.0000 70.0 280 230.62 90.0 0.0 0.0 -90.0 0.5000 143.80
15 1.0000 75.0 280 231.29 90.0 0.0 0.0 -90.0 0.5000 145.05
16 1.0000 80.0 280 231.86 90.0 0.0 0.0 -90.0 0.5000 146.07
17 1.0250 0.0 280 229.24 90.0 0.0 0.0 -90.0 0.5000 139.31
18 1.0250 5.0 280 229.24 90.0 0.0 0.0 -90.0 0.5000 139.32
19 1.0250 10.0 280 229.24 90.0 0.0 0.0 -90.0 0.5000 139.35
20 1.0250 15.0 280 229.24 90.0 0.0 0.0 -90.0 0.5000 139.42
21 1.0250 20.0 280 229.27 90.0 0.0 0.0 -90.0 0.5000 139.54
22 1.0250 25.0 280 229.33 90.0 0.0 0.0 -90.0 0.5000 139.77
23 1.0250 30.0 280 229.44 90.0 0.0 0.0 -90.0 0.5000 140.15
24 1.0250 35.0 280 229.59 90.0 0.0 0.0 -90.0 0.5000 140.64
25 1.0250 40.0 280 229.81 90.0 0.0 0.0 -90.0 0.5000 141.30
26 1.0250 45.0 280 230.14 90.0 0.0 0.0 -90.0 0.5000 142.16
27 1.0250 50.0 280 230.58 90.0 0.0 0.0 -90.0 0.5000 143.25
28 1.0250 55.0 280 231.15 90.0 0.0 0.0 -90.0 0.5000 144.54
29 1.0250 60.0 280 231.84 90.0 0.0 0.0 -90.0 0.5000 146.01
30 1.0250 65.0 280 232.66 90.0 0.0 0.0 -90.0 0.5000 147.61
31 1.0250 70.0 280 233.53 90.0 0.0 0.0 -90.0 0.5000 149.22
32 1.0250 75.0 280 234.36 90.0 0.0 0.0 -90.0 0.5000 150.70
33 1.0250 80.0 280 235.06 90.0 0.0 0.0 -90.0 0.5000 151.90
34 1.0500 0.0 280 231.34 90.0 0.0 0.0 -90.0 0.5000 143.33
35 1.0500 5.0 280 231.34 90.0 0.0 0.0 -90.0 0.5000 143.35
36 1.0500 10.0 280 231.35 90.0 0.0 0.0 -90.0 0.5000 143.40
37 1.0500 15.0 280 231.38 90.0 0.0 0.0 -90.0 0.5000 143.50
38 1.0500 20.0 280 231.42 90.0 0.0 0.0 -90.0 0.5000 143.67
39 1.0500 25.0 280 231.50 90.0 0.0 0.0 -90.0 0.5000 143.96
40 1.0500 30.0 280 231.63 90.0 0.0 0.0 -90.0 0.5000 144.38
41 1.0500 35.0 280 231.80 90.0 0.0 0.0 -90.0 0.5000 144.93
42 1.0500 40.0 280 232.08 90.0 0.0 0.0 -90.0 0.5000 145.70
43 1.0500 45.0 280 232.47 90.0 0.0 0.0 -90.0 0.5000 146.70
44 1.0500 50.0 280 233.00 90.0 0.0 0.0 -90.0 0.5000 147.96
45 1.0500 55.0 280 233.69 90.0 0.0 0.0 -90.0 0.5000 149.46
46 1.0500 60.0 280 234.56 90.0 0.0 0.0 -90.0 0.5000 151.19
47 1.0500 65.0 280 235.57 90.0 0.0 0.0 -90.0 0.5000 153.09
48 1.0500 70.0 280 236.65 90.0 0.0 0.0 -90.0 0.5000 154.99
49 1.0500 75.0 280 237.67 90.0 0.0 0.0 -90.0 0.5000 156.72
50 1.0500 80.0 280 238.51 90.0 0.0 0.0 -90.0 0.5000 158.11
51 1.0750 0.0 280 233.54 90.0 0.0 0.0 -90.0 0.5000 147.60
52 1.0750 5.0 280 233.54 90.0 0.0 0.0 -90.0 0.5000 147.62
53 1.0750 10.0 280 233.56 90.0 0.0 0.0 -90.0 0.5000 147.69
54 1.0750 15.0 280 233.59 90.0 0.0 0.0 -90.0 0.5000 147.80
55 1.0750 20.0 280 233.64 90.0 0.0 0.0 -90.0 0.5000 148.00
56 1.0750 25.0 280 233.73 90.0 0.0 0.0 -90.0 0.5000 148.32
57 1.0750 30.0 280 233.87 90.0 0.0 0.0 -90.0 0.5000 148.77
58 1.0750 35.0 280 234.06 90.0 0.0 0.0 -90.0 0.5000 149.37
59 1.0750 40.0 280 234.39 90.0 0.0 0.0 -90.0 0.5000 150.25
60 1.0750 45.0 280 234.86 90.0 0.0 0.0 -90.0 0.5000 151.40
61 1.0750 50.0 280 235.50 90.0 0.0 0.0 -90.0 0.5000 152.86
62 1.0750 55.0 280 236.36 90.0 0.0 0.0 -90.0 0.5000 154.63
63 1.0750 60.0 280 237.44 90.0 0.0 0.0 -90.0 0.5000 156.69
64 1.0750 65.0 280 238.70 90.0 0.0 0.0 -90.0 0.5000 158.93
65 1.0750 70.0 280 240.02 90.0 0.0 0.0 -90.0 0.5000 161.15
66 1.0750 75.0 280 241.26 90.0 0.0 0.0 -90.0 0.5000 163.16
67 1.0750 80.0 280 242.24 90.0 0.0 0.0 -90.0 0.5000 164.71
68 1.1000 0.0 280 235.80 90.0 0.0 0.0 -90.0 0.5000 152.04
69 1.1000 5.0 280 235.80 90.0 0.0 0.0 -90.0 0.5000 152.06
70 1.1000 10.0 280 235.82 90.0 0.0 0.0 -90.0 0.5000 152.13
71 1.1000 15.0 280 235.85 90.0 0.0 0.0 -90.0 0.5000 152.26
72 1.1000 20.0 280 235.91 90.0 0.0 0.0 -90.0 0.5000 152.49
73 1.1000 25.0 280 236.01 90.0 0.0 0.0 -90.0 0.5000 152.83
74 1.1000 30.0 280 236.15 90.0 0.0 0.0 -90.0 0.5000 153.30
75 1.1000 35.0 280 236.39 90.0 0.0 0.0 -90.0 0.5000 153.99
76 1.1000 40.0 280 236.78 90.0 0.0 0.0 -90.0 0.5000 155.00
77 1.1000 45.0 280 237.34 90.0 0.0 0.0 -90.0 0.5000 156.33
78 1.1000 50.0 280 238.12 90.0 0.0 0.0 -90.0 0.5000 158.02
79 1.1000 55.0 280 239.19 90.0 0.0 0.0 -90.0 0.5000 160.11
80 1.1000 60.0 280 240.54 90.0 0.0 0.0 -90.0 0.5000 162.54
81 1.1000 65.0 280 242.09 90.0 0.0 0.0 -90.0 0.5000 165.18
82 1.1000 70.0 280 243.70 90.0 0.0 0.0 -90.0 0.5000 167.76
83 1.1000 75.0 280 314.66 0.0 0.0 0.0 0.0 0.5000 293.91
84 1.1000 80.0 280 315.78 0.0 0.0 0.0 0.0 0.5000 294.61
85 1.1250 0.0 280 238.09 90.0 0.0 0.0 -90.0 0.5000 156.61
86 1.1250 5.0 280 238.09 90.0 0.0 0.0 -90.0 0.5000 156.64
87 1.1250 10.0 280 238.12 90.0 0.0 0.0 -90.0 0.5000 156.71
88 1.1250 15.0 280 238.15 90.0 0.0 0.0 -90.0 0.5000 156.86
89 1.1250 20.0 280 238.22 90.0 0.0 0.0 -90.0 0.5000 157.10
90 1.1250 25.0 280 238.32 90.0 0.0 0.0 -90.0 0.5000 157.46
91 1.1250 30.0 280 238.47 90.0 0.0 0.0 -90.0 0.5000 157.96
92 1.1250 35.0 280 238.78 90.0 0.0 0.0 -90.0 0.5000 158.79
93 1.1250 40.0 280 239.25 90.0 0.0 0.0 -90.0 0.5000 159.95
94 1.1250 45.0 280 239.93 90.0 0.0 0.0 -90.0 0.5000 161.49
95 1.1250 50.0 280 240.90 90.0 0.0 0.0 -90.0 0.5000 163.48
96 1.1250 55.0 280 242.23 90.0 0.0 0.0 -90.0 0.5000 165.96
97 1.1250 60.0 280 243.91 90.0 0.0 0.0 -90.0 0.5000 168.84
98 1.1250 65.0 280 245.80 90.0 0.0 0.0 -90.0 0.5000 171.92
99 1.1250 70.0 280 329.98 0.0 0.0 0.0 0.0 0.5000 306.43
100 1.1250 75.0 280 331.80 0.0 0.0 0.0 0.0 0.5000 307.24
101 1.1250 80.0 280 333.39 0.0 0.0 0.0 0.0 0.5000 307.92
102 1.1500 0.0 280 240.41 90.0 0.0 0.0 -90.0 0.5000 161.30
103 1.1500 5.0 280 240.42 90.0 0.0 0.0 -90.0 0.5000 161.33
104 1.1500 10.0 280 240.44 90.0 0.0 0.0 -90.0 0.5000 161.41
105 1.1500 15.0 280 240.48 90.0 0.0 0.0 -90.0 0.5000 161.56
106 1.1500 20.0 280 240.55 90.0 0.0 0.0 -90.0 0.5000 161.82
107 1.1500 25.0 280 240.66 90.0 0.0 0.0 -90.0 0.5000 162.20
108 1.1500 30.0 280 240.86 90.0 0.0 0.0 -90.0 0.5000 162.79
109 1.1500 35.0 280 241.24 90.0 0.0 0.0 -90.0 0.5000 163.77
110 1.1500 40.0 280 241.80 90.0 0.0 0.0 -90.0 0.5000 165.12
111 1.1500 45.0 280 242.63 90.0 0.0 0.0 -90.0 0.5000 166.91
112 1.1500 50.0 280 243.85 90.0 0.0 0.0 -90.0 0.5000 169.27
113 1.1500 55.0 280 245.52 90.0 0.0 0.0 -90.0 0.5000 172.22
114 1.1500 60.0 280 247.59 90.0 0.0 0.0 -90.0 0.5000 175.61
115 1.1500 65.0 280 360.12 0.0 0.0 0.0 0.0 0.5000 321.31
116 1.1500 70.0 280 363.74 0.0 0.0 0.0 0.0 0.5000 321.89
117 1.1500 75.0 280 368.08 0.0 0.0 0.0 0.0 0.5000 322.50
118 1.1500 80.0 280 372.70 0.0 0.0 0.0 0.0 0.5000 323.02
119 1.1750 0.0 280 242.77 90.0 0.0 0.0 -90.0 0.5000 166.10
120 1.1750 5.0 280 242.78 90.0 0.0 0.0 -90.0 0.5000 166.13
121 1.1750 10.0 280 242.80 90.0 0.0 0.0 -90.0 0.5000 166.22
122 1.1750 15.0 280 242.84 90.0 0.0 0.0 -90.0 0.5000 166.38
123 1.1750 20.0 280 242.92 90.0 0.0 0.0 -90.0 0.5000 166.65
124 1.1750 25.0 280 243.04 90.0 0.0 0.0 -90.0 0.5000 167.06
125 1.1750 30.0 280 243.32 90.0 0.0 0.0 -90.0 0.5000 167.83
126 1.1750 35.0 280 243.77 90.0 0.0 0.0 -90.0 0.5000 168.96
127 1.1750 40.0 280 244.46 90.0 0.0 0.0 -90.0 0.5000 170.52
128 1.1750 45.0 280 245.49 90.0 0.0 0.0 -90.0 0.5000 172.63
129 1.1750 50.0 280 247.03 90.0 0.0 0.0 -90.0 0.5000 175.46
130 1.1750 55.0 280 249.11 90.0 0.0 0.0 -90.0 0.5000 178.97
131 1.1750 60.0 280 450.00 90.0 90.0 -90.0 -90.0 0.5000 329.50
132 1.1750 65.0 280 450.00 90.0 90.0 -90.0 -90.0 0.5000 329.81
133 1.1750 70.0 280 450.00 90.0 90.0 -90.0 -90.0 0.5000 330.14
134 1.1750 75.0 280 450.00 90.0 90.0 -90.0 -90.0 0.5000 330.47
135 1.1750 80.0 280 450.00 90.0 90.0 -90.0 -90.0 0.5000 330.76
136 1.2000 0.0 280 245.16 90.0 0.0 0.0 -90.0 0.5000 171.01
137 1.2000 5.0 280 245.17 90.0 0.0 0.0 -90.0 0.5000 171.04
138 1.2000 10.0 280 245.19 90.0 0.0 0.0 -90.0 0.5000 171.13
139 1.2000 15.0 280 245.24 90.0 0.0 0.0 -90.0 0.5000 171.30
140 1.2000 20.0 280 245.32 90.0 0.0 0.0 -90.0 0.5000 171.59
141 1.2000 25.0 280 245.51 90.0 0.0 0.0 -90.0 0.5000 172.14
142 1.2000 30.0 280 245.87 90.0 0.0 0.0 -90.0 0.5000 173.08
143 1.2000 35.0 280 246.41 90.0 0.0 0.0 -90.0 0.5000 174.38
144 1.2000 40.0 280 247.25 90.0 0.0 0.0 -90.0 0.5000 176.21
145 1.2000 45.0 280 248.55 90.0 0.0 0.0 -90.0 0.5000 178.72
146 1.2000 50.0 280 250.49 90.0 0.0 0.0 -90.0 0.5000 182.12
147 1.2000 55.0 280 252.93 90.0 0.0 0.0 -90.0 0.5000 186.10
148 1.2000 60.0 280 450.00 90.0 90.0 -90.0 -90.0 0.5000 336.51
149 1.2000 65.0 280 450.00 90.0 90.0 -90.0 -90.0 0.5000 336.84
150 1.2000 70.0 280 450.00 90.0 90.0 -90.0 -90.0 0.5000 337.20
151 1.2000 75.0 280 450.00 90.0 90.0 -90.0 -90.0 0.5000 337.52
152 1.2000 80.0 280 450.00 90.0 90.0 -90.0 -90.0 0.5000 337.83
153 1.2250 0.0 280 247.59 90.0 0.0 0.0 -90.0 0.5000 176.02
154 1.2250 5.0 280 247.59 90.0 0.0 0.0 -90.0 0.5000 176.05
155 1.2250 10.0 280 247.62 90.0 0.0 0.0 -90.0 0.5000 176.15
156 1.2250 15.0 280 247.68 90.0 0.0 0.0 -90.0 0.5000 176.37
157 1.2250 20.0 280 247.82 90.0 0.0 0.0 -90.0 0.5000 176.78
158 1.2250 25.0 280 248.09 90.0 0.0 0.0 -90.0 0.5000 177.51
159 1.2250 30.0 280 248.52 90.0 0.0 0.0 -90.0 0.5000 178.59
160 1.2250 35.0 280 249.18 90.0 0.0 0.0 -90.0 0.5000 180.09
161 1.2250 40.0 280 250.21 90.0 0.0 0.0 -90.0 0.5000 182.24
162 1.2250 45.0 280 251.87 90.0 0.0 0.0 -90.0 0.5000 185.28
163 1.2250 50.0 280 254.33 90.0 0.0 0.0 -90.0 0.5000 189.35
164 1.2250 55.0 280 450.00 90.0 90.0 -90.0 -90.0 0.5000 343.29
165 1.2250 60.0 280 450.00 90.0 90.0 -90.0 -90.0 0.5000 343.52
166 1.2250 65.0 280 450.00 90.0 90.0 -90.0 -90.0 0.5000 343.86
167 1.2250 70.0 280 450.00 90.0 90.0 -90.0 -90.0 0.5000 344.23
168 1.2250 75.0 280 450.00 90.0 90.0 -90.0 -90.0 0.5000 344.58
169 1.2250 80.0 280 450.00 90.0 90.0 -90.0 -90.0 0.5000 344.86
170 1.2500 0.0 280 450.00 90.0 90.0 -90.0 -90.0 0.5000 351.32
171 1.2500 5.0 280 450.00 90.0 90.0 -90.0 -90.0 0.5000 351.26
172 1.2500 10.0 280 450.00 90.0 90.0 -90.0 -90.0 0.5000 351.02
173 1.2500 15.0 280 450.00 90.0 90.0 -90.0 -90.0 0.5000 351.04
174 1.2500 20.0 280 250.53 90.0 0.0 0.0 -90.0 0.5000 182.45
175 1.2500 25.0 280 250.83 90.0 0.0 0.0 -90.0 0.5000 183.23
176 1.2500 30.0 280 251.31 90.0 0.0 0.0 -90.0 0.5000 184.41
177 1.2500 35.0 280 252.11 90.0 0.0 0.0 -90.0 0.5000 186.16
178 1.2500 40.0 280 253.42 90.0 0.0 0.0 -90.0 0.5000 188.72
179 1.2500 45.0 280 255.56 90.0 0.0 0.0 -90.0 0.5000 192.43
180 1.2500 50.0 280 450.00 90.0 90.0 -90.0 -90.0 0.5000 350.13
181 1.2500 55.0 280 450.00 90.0 90.0 -90.0 -90.0 0.5000 350.30
182 1.2500 60.0 280 450.00 90.0 90.0 -90.0 -90.0 0.5000 350.55
183 1.2500 65.0 280 450.00 90.0 90.0 -90.0 -90.0 0.5000 350.89
184 1.2500 70.0 280 450.00 90.0 90.0 -90.0 -90.0 0.5000 351.23
185 1.2500 75.0 280 450.00 90.0 90.0 -90.0 -90.0 0.5000 351.61
186 1.2500 80.0 280 450.00 90.0 90.0 -90.0 -90.0 0.5000 351.93
187 1.2750 0.0 280 450.00 90.0 90.0 -90.0 -90.0 0.5000 358.36
188 1.2750 5.0 280 450.00 90.0 90.0 -90.0 -90.0 0.5000 358.32
189 1.2750 10.0 280 450.00 90.0 90.0 -90.0 -90.0 0.5000 358.19
190 1.2750 15.0 280 450.00 90.0 90.0 -90.0 -90.0 0.5000 357.98
191 1.2750 20.0 280 450.00 90.0 90.0 -90.0 -90.0 0.5000 357.71
192 1.2750 25.0 280 450.00 90.0 90.0 -90.0 -90.0 0.5000 357.67
193 1.2750 30.0 280 450.00 90.0 90.0 -90.0 -90.0 0.5000 357.51
194 1.2750 35.0 280 450.00 90.0 90.0 -90.0 -90.0 0.5000 357.28
195 1.2750 40.0 280 257.05 90.0 0.0 0.0 -90.0 0.5000 195.98
196 1.2750 45.0 280 259.92 90.0 0.0 0.0 -90.0 0.5000 200.72
197 1.2750 50.0 280 450.00 90.0 90.0 -90.0 -90.0 0.5000 357.13
198 1.2750 55.0 280 450.00 90.0 90.0 -90.0 -90.0 0.5000 357.30
199 1.2750 60.0 280 450.00 90.0 90.0 -90.0 -90.0 0.5000 357.57
200 1.2750 65.0 280 450.00 90.0 90.0 -90.0 -90.0 0.5000 357.94
201 1.2750 70.0 280 450.00 90.0 90.0 -90.0 -90.0 0.5000 358.32
202 1.2750 75.0 280 450.00 90.0 90.0 -90.0 -90.0 0.5000 358.61
203 1.2750 80.0 280 450.00 90.0 90.0 -90.0 -90.0 0.5000 358.98
204 1.3000 0.0 280 450.00 90.0 90.0 -90.0 -90.0 0.5000 365.43
205 1.3000 5.0 280 450.00 90.0 90.0 -90.0 -90.0 0.5000 365.39
206 1.3000 10.0 280 450.00 90.0 90.0 -90.0 -90.0 0.5000 365.26
207 1.3000 15.0 280 450.00 90.0 90.0 -90.0 -90.0 0.5000 365.06
208 1.3000 20.0 280 450.00 90.0 90.0 -90.0 -90.0 0.5000 364.81
209 1.3000 25.0 280 450.00 90.0 90.0 -90.0 -90.0 0.5000 364.53
210 1.3000 30.0 280 450.00 90.0 90.0 -90.0 -90.0 0.5000 364.56
211 1.3000 35.0 280 450.00 90.0 90.0 -90.0 -90.0 0.5000 364.31
212 1.3000 40.0 280 450.00 90.0 90.0 -90.0 -90.0 0.5000 364.13
213 1.3000 45.0 280 450.00 90.0 90.0 -90.0 -90.0 0.5000 364.01
214 1.3000 50.0 280 450.00 90.0 90.0 -90.0 -90.0 0.5000 364.13
215 1.3000 55.0 280 450.00 90.0 90.0 -90.0 -90.0 0.5000 364.31
216 1.3000 60.0 280 450.00 90.0 90.0 -90.0 -90.0 0.5000 364.57
217 1.3000 65.0 280 450.00 90.0 90.0 -90.0 -90.0 0.5000 364.95
218 1.3000 70.0 280 450.00 90.0 90.0 -90.0 -90.0 0.5000 365.40
219 1.3000 75.0 280 450.00 90.0 90.0 -90.0 -90.0 0.5000 365.68
220 1.3000 80.0 280 450.00 90.0 90.0 -90.0 -90.0 0.5000 366.05
221 1.3250 0.0 280 450.00 90.0 90.0 -90.0 -90.0 0.5000 372.57
222 1.3250 5.0 280 450.00 90.0 90.0 -90.0 -90.0 0.5000 372.53
223 1.3250 10.0 280 450.00 90.0 90.0 -90.0 -90.0 0.5000 372.40
224 1.3250 15.0 280 450.00 90.0 90.0 -90.0 -90.0 0.5000 372.20
225 1.3250 20.0 280 450.00 90.0 90.0 -90.0 -90.0 0.5000 371.94
226 1.3250 25.0 280 450.00 90.0 90.0 -90.0 -90.0 0.5000 371.67
227 1.3250 30.0 280 450.00 90.0 90.0 -90.0 -90.0 0.5000 371.40
228 1.3250 35.0 280 450.00 90.0 90.0 -90.0 -90.0 0.5000 371.18
229 1.3250 40.0 280 450.00 90.0 90.0 -90.0 -90.0 0.5000 371.06
230 1.3250 45.0 280 450.00 90.0 90.0 -90.0 -90.0 0.5000 371.06
231 1.3250 50.0 280 450.00 90.0 90.0 -90.0 -90.0 0.5000 371.13
232 1.3250 55.0 280 450.00 90.0 90.0 -90.0 -90.0 0.5000 371.32
233 1.3250 60.0 280 450.00 90.0 90.0 -90.0 -90.0 0.5000 371.62
234 1.3250 65.0 280 450.00 90.0 90.0 -90.0 -90.0 0.5000 371.93
235 1.3250 70.0 280 450.00 90.0 90.0 -90.0 -90.0 0.5000 372.36
236 1.3250 75.0 280 450.00 90.0 90.0 -90.0 -90.0 0.5000 372.80
237 1.3250 80.0 280 450.00 90.0 90.0 -90.0 -90.0 0.5000 373.18
238 1.3500 0.0 280 450.00 90.0 90.0 -90.0 -90.0 0.5000 379.47
239 1.3500 5.0 280 450.00 90.0 90.0 -90.0 -90.0 0.5000 379.43
240 1.3500 10.0 280 450.00 90.0 90.0 -90.0 -90.0 0.5000 379.31
241 1.3500 15.0 280 450.00 90.0 90.0 -90.0 -90.0 0.5000 379.11
242 1.3500 20.0 280 450.00 90.0 90.0 -90.0 -90.0 0.5000 378.86
243 1.3500 25.0 280 450.00 90.0 90.0 -90.0 -90.0 0.5000 378.59
244 1.3500 30.0 280 450.00 90.0 90.0 -90.0 -90.0 0.5000 378.34
245 1.3500 35.0 280 450.00 90.0 90.0 -90.0 -90.0 0.5000 378.13
246 1.3500 40.0 280 450.00 90.0 90.0 -90.0 -90.0 0.5000 378.07
247 1.3500 45.0 280 450.00 90.0 90.0 -90.0 -90.0 0.5000 378.04
248 1.3500 50.0 280 450.00 90.0 90.0 -90.0 -90.0 0.5000 378.14
249 1.3500 55.0 280 450.00 90.0 90.0 -90.0 -90.0 0.5000 378.33
250 1.3500 60.0 280 450.00 90.0 90.0 -90.0 -90.0 0.5000 378.64
251 1.3500 65.0 280 450.00 90.0 90.0 -90.0 -90.0 0.5000 379.10
252 1.3500 70.0 280 450.00 90.0 90.0 -90.0 -90.0 0.5000 379.41
253 1.3500 75.0 280 450.00 90.0 90.0 -90.0 -90.0 0.5000 379.86
254 1.3500 80.0 280 450.00 90.0 90.0 -90.0 -90.0 0.5000 380.25
255 1.3750 0.0 280 450.00 90.0 90.0 -90.0 -90.0 0.5000 386.72
256 1.3750 5.0 280 450.00 90.0 90.0 -90.0 -90.0 0.5000 386.68
257 1.3750 10.0 280 450.00 90.0 90.0 -90.0 -90.0 0.5000 386.55
258 1.3750 15.0 280 450.00 90.0 90.0 -90.0 -90.0 0.5000 386.35
259 1.3750 20.0 280 450.00 90.0 90.0 -90.0 -90.0 0.5000 386.09
260 1.3750 25.0 280 450.00 90.0 90.0 -90.0 -90.0 0.5000 385.81
261 1.3750 30.0 280 450.00 90.0 90.0 -90.0 -90.0 0.5000 385.54
262 1.3750 35.0 280 450.00 90.0 90.0 -90.0 -90.0 0.5000 385.36
263 1.3750 40.0 280 450.00 90.0 90.0 -90.0 -90.0 0.5000 385.25
264 1.3750 45.0 280 450.00 90.0 90.0 -90.0 -90.0 0.5000 385.01
265 1.3750 50.0 280 450.00 90.0 90.0 -90.0 -90.0 0.5000 385.15
266 1.3750 55.0 280 450.00 90.0 90.0 -90.0 -90.0 0.5000 385.35
267 1.3750 60.0 280 450.00 90.0 90.0 -90.0 -90.0 0.5000 385.68
268 1.3750 65.0 280 450.00 90.0 90.0 -90.0 -90.0 0.5000 386.15
269 1.3750 70.0 280 450.00 90.0 90.0 -90.0 -90.0 0.5000 386.66
270 1.3750 75.0 280 450.00 90.0 90.0 -90.0 -90.0 0.5000 386.90
271 1.3750 80.0 280 450.00 90.0 90.0 -90.0 -90.0 0.5000 387.29
272 1.4000 0.0 280 450.00 90.0 90.0 -90.0 -90.0 0.5000 393.86
273 1.4000 5.0 280 450.00 90.0 90.0 -90.0 -90.0 0.5000 393.82
274 1.4000 10.0 280 450.00 90.0 90.0 -90.0 -90.0 0.5000 393.69
275 1.4000 15.0 280 450.00 90.0 90.0 -90.0 -90.0 0.5000 393.49
276 1.4000 20.0 280 450.00 90.0 90.0 -90.0 -90.0 0.5000 393.23
277 1.4000 25.0 280 450.00 90.0 90.0 -90.0 -90.0 0.5000 392.95
278 1.4000 30.0 280 450.00 90.0 90.0 -90.0 -90.0 0.5000 392.70
279 1.4000 35.0 280 450.00 90.0 90.0 -90.0 -90.0 0.5000 392.55
280 1.4000 40.0 280 450.00 90.0 90.0 -90.0 -90.0 0.5000 392.07
281 1.4000 45.0 280 450.00 90.0 90.0 -90.0 -90.0 0.5000 392.19
282 1.4000 50.0 280 450.00 90.0 90.0 -90.0 -90.0 0.5000 392.19
283 1.4000 55.0 280 450.00 90.0 90.0 -90.0 -90.0 0.5000 392.52
284 1.4000 60.0 280 450.00 90.0 90.0 -90.0 -90.0 0.5000 392.77
285 1.4000 65.0 280 450.00 90.0 90.0 -90.0 -90.0 0.5000 393.25
286 1.4000 70.0 280 450.00 90.0 90.0 -90.0 -90.0 0.5000 393.75
287 1.4000 75.0 280 450.00 90.0 90.0 -90.0 -90.0 0.5000 394.22
288 1.4000 80.0 280 450.00 90.0 90.0 -90.0 -90.0 0.5000 394.35
