# Use this header for notes and global details
# Name of benchmark/experiment:
# Case number:
# Instellation (S_earth):
# XCO2 (ppm):
# Obliquity (degrees):

# Columns of data (annually averaged for last orbit)
# Lat = latitude (degrees)
# Tsurf = annually averaged surface temperature (K)
# Asurf = annually averaged surface albedo
# ATOA = annually averaged top-of-atmosphere/total/planetary albedo
# OLR = annually averaged outgoing longwave radiation (W m^-2)

# Lat Tsurf Asurf ATOA OLR
-83.402352 310.019248 0.225000 0.277835 231.717056
-78.559857 311.331969 0.225000 0.263990 233.729464
-75.214368 312.631625 0.225000 0.254627 235.709406
-72.485798 313.919362 0.225000 0.247146 237.659550
-70.118394 315.195344 0.225000 0.240790 239.580789
-67.995177 316.459125 0.225000 0.235210 241.473191
-66.051021 317.709830 0.225000 0.230212 243.336293
-64.245254 318.945943 0.225000 0.225674 245.168723
-62.550469 320.165447 0.225000 0.221514 246.967082
-60.947155 321.366755 0.225000 0.217675 248.728651
-59.420843 322.548731 0.225000 0.214112 250.451656
-57.960452 323.710595 0.225000 0.210790 252.134910
-56.557269 324.851830 0.225000 0.207684 253.777700
-55.204301 325.972111 0.225000 0.204770 255.379827
-53.895832 327.071253 0.225000 0.202030 256.941141
-52.627117 328.149174 0.225000 0.199449 258.461816
-51.394167 329.205865 0.225000 0.197012 259.942137
-50.193591 330.241373 0.225000 0.194710 261.382406
-49.022477 331.255785 0.225000 0.192531 262.783135
-47.878298 332.249214 0.225000 0.190467 264.144673
-46.758852 333.221795 0.225000 0.188510 265.467657
-45.662198 334.173678 0.225000 0.186652 266.752534
-44.586620 335.105020 0.225000 0.184889 267.999963
-43.530588 336.015987 0.225000 0.183213 269.210384
-42.492733 336.906746 0.225000 0.181619 270.384439
-41.471824 337.777467 0.225000 0.180104 271.522791
-40.466747 338.628318 0.225000 0.178661 272.625854
-39.476493 339.459467 0.225000 0.177289 273.694310
-38.500141 340.271079 0.225000 0.175982 274.728717
-37.536848 341.063317 0.225000 0.174737 275.729636
-36.585843 341.836339 0.225000 0.173552 276.697629
-35.646414 342.590300 0.225000 0.172423 277.633332
-34.717906 343.325351 0.225000 0.171347 278.537100
-33.799709 344.041639 0.225000 0.170323 279.409708
-32.891259 344.739305 0.225000 0.169347 280.251507
-31.992032 345.418488 0.225000 0.168417 281.063056
-31.101537 346.079320 0.225000 0.167531 281.844914
-30.219314 346.721931 0.225000 0.166687 282.597639
-29.344934 347.346445 0.225000 0.165884 283.321563
-28.477994 347.952981 0.225000 0.165119 284.017310
-27.618112 348.541656 0.225000 0.164390 284.685352
-26.764931 349.112581 0.225000 0.163697 285.326009
-25.918110 349.665863 0.225000 0.163038 285.939893
-25.077328 350.201606 0.225000 0.162412 286.527388
-24.242282 350.719907 0.225000 0.161816 287.088949
-23.412680 351.220862 0.225000 0.161250 287.624946
-22.588248 351.704563 0.225000 0.160712 288.135906
-21.768723 352.171096 0.225000 0.160202 288.622030
-20.953852 352.620546 0.225000 0.159719 289.083914
-20.143396 353.052992 0.225000 0.159261 289.521908
-19.337123 353.468512 0.225000 0.158827 289.936279
-18.534813 353.867176 0.225000 0.158417 290.327524
-17.736252 354.249057 0.225000 0.158030 290.695820
-16.941235 354.614219 0.225000 0.157664 291.041737
-16.149565 354.962725 0.225000 0.157320 291.365435
-15.361050 355.294636 0.225000 0.156996 291.667314
-14.575505 355.610007 0.225000 0.156692 291.947603
-13.792751 355.908893 0.225000 0.156407 292.206693
-13.012614 356.191343 0.225000 0.156141 292.444879
-12.234924 356.457405 0.225000 0.155893 292.662377
-11.459516 356.707124 0.225000 0.155662 292.859558
-10.686230 356.940541 0.225000 0.155448 293.036536
-9.914909 357.157694 0.225000 0.155251 293.193672
-9.145398 357.358620 0.225000 0.155070 293.331235
-8.377548 357.543352 0.225000 0.154905 293.449325
-7.611211 357.711919 0.225000 0.154756 293.548280
-6.846240 357.864349 0.225000 0.154621 293.628185
-6.082494 358.000668 0.225000 0.154502 293.689456
-5.319832 358.120897 0.225000 0.154397 293.732076
-4.558113 358.225056 0.225000 0.154307 293.756280
-3.797202 358.313162 0.225000 0.154230 293.762209
-3.036960 358.385229 0.225000 0.154168 293.750168
-2.277253 358.441268 0.225000 0.154120 293.720114
-1.517947 358.481289 0.225000 0.154086 293.672257
-0.758907 358.505299 0.225000 0.154065 293.606796
0.000000 358.513300 0.225000 0.154058 293.523752
0.758907 358.505294 0.225000 0.154065 293.423228
1.517947 358.481281 0.225000 0.154086 293.305319
2.277253 358.441255 0.225000 0.154120 293.170195
3.036960 358.385211 0.225000 0.154168 293.017854
3.797202 358.313140 0.225000 0.154230 292.848368
4.558113 358.225030 0.225000 0.154307 292.661719
5.319832 358.120866 0.225000 0.154397 292.458047
6.082494 358.000633 0.225000 0.154502 292.237324
6.846240 357.864309 0.225000 0.154622 291.999590
7.611211 357.711874 0.225000 0.154756 291.744797
8.377548 357.543303 0.225000 0.154906 291.472977
9.145398 357.358567 0.225000 0.155071 291.184145
9.914909 357.157637 0.225000 0.155252 290.878235
10.686230 356.940479 0.225000 0.155449 290.555166
11.459516 356.707058 0.225000 0.155663 290.214852
12.234924 356.457335 0.225000 0.155894 289.857365
13.012614 356.191268 0.225000 0.156142 289.482520
13.792751 355.908813 0.225000 0.156408 289.090204
14.575505 355.609923 0.225000 0.156693 288.680384
15.361050 355.294548 0.225000 0.156997 288.252849
16.149565 354.962633 0.225000 0.157321 287.807628
16.941235 354.614122 0.225000 0.157665 287.344410
17.736252 354.248956 0.225000 0.158031 286.863046
18.534813 353.867072 0.225000 0.158418 286.363535
19.337123 353.468402 0.225000 0.158828 285.845462
20.143396 353.052879 0.225000 0.159262 285.308810
20.953852 352.620429 0.225000 0.159720 284.753230
21.768723 352.170975 0.225000 0.160204 284.178682
22.588248 351.704437 0.225000 0.160714 283.584717
23.412680 351.220733 0.225000 0.161251 282.971124
24.242282 350.719773 0.225000 0.161817 282.337748
25.077328 350.201468 0.225000 0.162413 281.684200
25.918110 349.665722 0.225000 0.163040 281.010306
26.764931 349.112436 0.225000 0.163699 280.315578
27.618112 348.541507 0.225000 0.164392 279.599749
28.477994 347.952828 0.225000 0.165120 278.862539
29.344934 347.346287 0.225000 0.165885 278.103508
30.219314 346.721770 0.225000 0.166689 277.322283
31.101537 346.079155 0.225000 0.167533 276.518549
31.992032 345.418319 0.225000 0.168418 275.691839
32.891259 344.739132 0.225000 0.169349 274.841671
33.799709 344.041462 0.225000 0.170325 273.967705
34.717906 343.325171 0.225000 0.171350 273.069438
35.646414 342.590117 0.225000 0.172425 272.146364
36.585843 341.836152 0.225000 0.173554 271.198032
37.536848 341.063126 0.225000 0.174740 270.223916
38.500141 340.270885 0.225000 0.175984 269.223481
39.476493 339.459269 0.225000 0.177291 268.196180
40.466747 338.628117 0.225000 0.178664 267.141465
41.471824 337.777262 0.225000 0.180106 266.058706
42.492733 336.906538 0.225000 0.181622 264.947406
43.530588 336.015775 0.225000 0.183215 263.806932
44.586620 335.104805 0.225000 0.184891 262.636588
45.662198 334.173459 0.225000 0.186655 261.435865
46.758852 333.221573 0.225000 0.188513 260.204076
47.878298 332.248988 0.225000 0.190470 258.940543
49.022477 331.255556 0.225000 0.192534 257.644669
50.193591 330.241141 0.225000 0.194713 256.315877
51.394167 329.205629 0.225000 0.197016 254.953509
52.627117 328.148935 0.225000 0.199452 253.556963
53.895832 327.071011 0.225000 0.202033 252.125760
55.204301 325.971865 0.225000 0.204773 250.659351
56.557269 324.851581 0.225000 0.207688 249.157490
57.960452 323.710343 0.225000 0.210794 247.619839
59.420843 322.548475 0.225000 0.214116 246.046471
60.947155 321.366495 0.225000 0.217679 244.437559
62.550469 320.165183 0.225000 0.221518 242.793852
64.245254 318.945674 0.225000 0.225678 241.116471
66.051021 317.709558 0.225000 0.230216 239.407511
67.995177 316.458848 0.225000 0.235215 237.669404
70.118394 315.195062 0.225000 0.240795 235.903512
72.485798 313.919075 0.225000 0.247151 234.110419
75.214368 312.631331 0.225000 0.254632 232.290240
78.559857 311.331668 0.225000 0.263995 230.442471
83.402352 310.018940 0.225000 0.277841 228.565441
